Execução Iterações Naive Dermatology.

ACC: 0.863013698630137
Confusion Matrix: 
 [[24  0  0  0  0  0]
 [ 0  4  0  8  0  0]
 [ 0  0 11  0  0  0]
 [ 1  0  0 14  0  0]
 [ 0  0  0  0  8  0]
 [ 0  1  0  0  0  2]] 

ACC: 0.9041095890410958
Confusion Matrix: 
 [[25  0  0  0  0  0]
 [ 0  7  0  5  0  0]
 [ 0  0 10  0  0  0]
 [ 0  0  0  8  0  0]
 [ 0  0  0  0 15  0]
 [ 1  1  0  0  0  1]] 

ACC: 0.8493150684931506
Confusion Matrix: 
 [[30  0  0  0  0  0]
 [ 0  1  0  9  1  0]
 [ 0  0 13  0  0  0]
 [ 0  0  0  9  0  0]
 [ 1  0  0  0  7  0]
 [ 0  0  0  0  0  2]] 

ACC: 0.8904109589041096
Confusion Matrix: 
 [[23  0  0  0  0  0]
 [ 0  7  0  4  0  1]
 [ 0  0  6  0  0  0]
 [ 0  0  0 11  0  0]
 [ 1  0  0  0 13  0]
 [ 2  0  0  0  0  5]] 

ACC: 0.8082191780821918
Confusion Matrix: 
 [[25  0  0  0  0  0]
 [ 1  5  0 11  1  0]
 [ 1  0 13  0  0  0]
 [ 0  0  0  6  0  0]
 [ 0  0  0  0  7  0]
 [ 0  0  0  0  0  3]] 

ACC: 0.8767123287671232
Confusion Matrix: 
 [[21  0  0  0  0  0]
 [ 0  5  0  7  0  0]
 [ 0  0 11  0  0  0]
 [ 0  0  0 11  0  0]
 [ 1  0  0  0 10  0]
 [ 0  1  0  0  0  6]] 

ACC: 0.8767123287671232
Confusion Matrix: 
 [[26  0  0  0  0  0]
 [ 0  3  0  6  0  0]
 [ 1  0 12  0  0  0]
 [ 0  0  0 11  0  0]
 [ 1  0  0  0 10  0]
 [ 0  1  0  0  0  2]] 

ACC: 0.8904109589041096
Confusion Matrix: 
 [[20  0  0  0  0  0]
 [ 0  7  1  5  0  0]
 [ 2  0 15  0  0  0]
 [ 0  0  0  7  0  0]
 [ 0  0  0  0 10  0]
 [ 0  0  0  0  0  6]] 

ACC: 0.8767123287671232
Confusion Matrix: 
 [[20  0  0  0  0  0]
 [ 1  5  0  6  0  0]
 [ 1  0 14  0  0  0]
 [ 1  0  0  9  0  0]
 [ 0  0  0  0 13  0]
 [ 0  0  0  0  0  3]] 

ACC: 0.8767123287671232
Confusion Matrix: 
 [[20  0  0  0  0  0]
 [ 0  5  0  5  1  0]
 [ 3  0 13  0  0  0]
 [ 0  0  0 12  0  0]
 [ 0  0  0  0 11  0]
 [ 0  0  0  0  0  3]] 

ACC: 0.821917808219178
Confusion Matrix: 
 [[15  0  0  0  0  0]
 [ 0  7  0  6  0  0]
 [ 1  0 15  0  0  0]
 [ 0  0  0  8  0  0]
 [ 4  0  0  0  9  0]
 [ 2  0  0  0  0  6]] 

ACC: 0.9178082191780822
Confusion Matrix: 
 [[24  0  0  0  0  0]
 [ 0  3  0  3  1  0]
 [ 1  0 16  0  0  0]
 [ 0  0  0 13  0  0]
 [ 0  0  0  0  8  0]
 [ 0  1  0  0  0  3]] 

ACC: 0.8904109589041096
Confusion Matrix: 
 [[22  0  0  0  0  0]
 [ 0  7  0  3  1  1]
 [ 0  0 12  0  0  0]
 [ 1  0  0 10  0  0]
 [ 0  0  0  0 10  0]
 [ 1  1  0  0  0  4]] 

ACC: 0.8356164383561644
Confusion Matrix: 
 [[24  0  0  0  0  0]
 [ 0  3  0  8  1  0]
 [ 1  0 16  0  0  0]
 [ 0  0  0  5  0  0]
 [ 0  0  0  0  9  0]
 [ 1  1  0  0  0  4]] 

ACC: 0.9041095890410958
Confusion Matrix: 
 [[23  0  0  0  0  0]
 [ 0  5  1  5  0  0]
 [ 1  0 14  0  0  0]
 [ 0  0  0 10  0  0]
 [ 0  0  0  0 13  0]
 [ 0  0  0  0  0  1]] 

ACC: 0.8493150684931506
Confusion Matrix: 
 [[27  0  0  0  0  0]
 [ 0  2  0 10  0  0]
 [ 1  0 10  0  0  0]
 [ 0  0  0 10  0  0]
 [ 0  0  0  0 10  0]
 [ 0  0  0  0  0  3]] 

ACC: 0.863013698630137
Confusion Matrix: 
 [[25  0  0  0  0  0]
 [ 0  4  0  7  1  0]
 [ 1  0 13  0  0  0]
 [ 0  0  0  6  0  0]
 [ 1  0  0  0 11  0]
 [ 0  0  0  0  0  4]] 

ACC: 0.821917808219178
Confusion Matrix: 
 [[21  0  0  0  0  0]
 [ 1  8  0  8  0  0]
 [ 0  0  7  0  0  0]
 [ 1  0  0  7  0  0]
 [ 1  0  0  0 17  0]
 [ 0  2  0  0  0  0]] 

ACC: 0.9041095890410958
Confusion Matrix: 
 [[26  0  0  0  0  0]
 [ 1  5  0  3  0  0]
 [ 0  0 13  0  0  0]
 [ 0  0  0  9  0  0]
 [ 1  0  0  0 11  0]
 [ 0  2  0  0  0  2]] 

ACC: 0.8356164383561644
Confusion Matrix: 
 [[24  0  0  0  0  0]
 [ 0  4  0 10  0  0]
 [ 0  0  9  0  0  0]
 [ 1  0  0  7  0  0]
 [ 0  0  0  0 13  0]
 [ 0  1  0  0  0  4]] 


Acurácia média das 20 iterações: 0.87 ± 0.03