Dados de Treino.

[[6.4 3.2 4.5 1.5]
 [5.1 3.8 1.9 0.4]
 [4.4 3.2 1.3 0.2]
 [5.7 2.8 4.5 1.3]
 [5.  3.  1.6 0.2]
 [7.2 3.  5.8 1.6]
 [5.8 2.8 5.1 2.4]
 [6.  3.  4.8 1.8]
 [6.9 3.2 5.7 2.3]
 [5.7 2.9 4.2 1.3]
 [6.7 3.1 5.6 2.4]
 [4.6 3.4 1.4 0.3]
 [6.1 2.9 4.7 1.4]
 [5.9 3.  5.1 1.8]
 [6.1 2.8 4.7 1.2]
 [6.1 3.  4.9 1.8]
 [6.9 3.1 5.4 2.1]
 [5.7 2.5 5.  2. ]
 [5.1 3.3 1.7 0.5]
 [6.3 2.5 5.  1.9]
 [4.7 3.2 1.3 0.2]
 [6.3 2.7 4.9 1.8]
 [5.4 3.7 1.5 0.2]
 [6.  2.7 5.1 1.6]
 [4.8 3.  1.4 0.1]
 [4.4 2.9 1.4 0.2]
 [7.9 3.8 6.4 2. ]
 [5.2 2.7 3.9 1.4]
 [5.6 2.7 4.2 1.3]
 [5.1 3.5 1.4 0.2]
 [6.9 3.1 4.9 1.5]
 [6.2 2.8 4.8 1.8]
 [6.5 3.  5.5 1.8]
 [5.4 3.  4.5 1.5]
 [5.2 4.1 1.5 0.1]
 [6.7 3.  5.  1.7]
 [6.8 2.8 4.8 1.4]
 [6.7 3.1 4.7 1.5]
 [6.1 2.6 5.6 1.4]
 [4.5 2.3 1.3 0.3]
 [5.2 3.4 1.4 0.2]
 [6.7 2.5 5.8 1.8]
 [5.6 2.9 3.6 1.3]
 [4.7 3.2 1.6 0.2]
 [6.3 3.3 4.7 1.6]
 [6.4 2.7 5.3 1.9]
 [5.5 2.3 4.  1.3]
 [7.1 3.  5.9 2.1]
 [4.6 3.2 1.4 0.2]
 [5.6 2.5 3.9 1.1]
 [5.5 2.6 4.4 1.2]
 [6.  2.9 4.5 1.5]
 [7.6 3.  6.6 2.1]
 [4.8 3.1 1.6 0.2]
 [4.9 3.1 1.5 0.1]
 [5.7 2.8 4.1 1.3]
 [6.6 2.9 4.6 1.3]
 [4.9 2.5 4.5 1.7]
 [7.2 3.2 6.  1.8]
 [6.2 2.9 4.3 1.3]
 [5.1 3.8 1.5 0.3]
 [5.6 3.  4.1 1.3]
 [6.  2.2 4.  1. ]
 [5.5 3.5 1.3 0.2]
 [5.7 2.6 3.5 1. ]
 [7.7 2.8 6.7 2. ]
 [6.5 3.  5.8 2.2]
 [6.3 3.4 5.6 2.4]
 [7.7 3.  6.1 2.3]
 [6.2 3.4 5.4 2.3]
 [6.1 2.8 4.  1.3]
 [5.  3.5 1.3 0.3]
 [5.1 2.5 3.  1.1]
 [5.2 3.5 1.5 0.2]
 [6.2 2.2 4.5 1.5]
 [7.7 3.8 6.7 2.2]
 [5.8 4.  1.2 0.2]
 [5.1 3.7 1.5 0.4]
 [5.  3.6 1.4 0.2]
 [7.4 2.8 6.1 1.9]
 [5.1 3.4 1.5 0.2]
 [5.  2.  3.5 1. ]
 [5.8 2.7 3.9 1.2]
 [6.3 2.9 5.6 1.8]
 [5.4 3.4 1.7 0.2]
 [5.  3.2 1.2 0.2]
 [5.3 3.7 1.5 0.2]
 [4.8 3.4 1.6 0.2]
 [6.3 2.8 5.1 1.5]
 [6.9 3.1 5.1 2.3]
 [5.1 3.5 1.4 0.3]
 [6.4 3.1 5.5 1.8]
 [6.3 3.3 6.  2.5]
 [5.7 3.  4.2 1.2]
 [6.  3.4 4.5 1.6]
 [6.5 3.2 5.1 2. ]
 [6.7 3.3 5.7 2.1]
 [5.5 2.5 4.  1.3]
 [6.8 3.  5.5 2.1]
 [6.8 3.2 5.9 2.3]
 [5.  3.4 1.5 0.2]
 [5.6 2.8 4.9 2. ]
 [4.9 3.  1.4 0.2]
 [5.7 3.8 1.7 0.3]
 [7.3 2.9 6.3 1.8]
 [4.6 3.6 1.  0.2]
 [4.8 3.  1.4 0.3]
 [7.  3.2 4.7 1.4]
 [6.  2.2 5.  1.5]
 [6.4 3.2 5.3 2.3]
 [4.9 2.4 3.3 1. ]
 [6.1 3.  4.6 1.4]
 [5.5 2.4 3.7 1. ]
 [5.8 2.7 4.1 1. ]
 [5.9 3.2 4.8 1.8]
 [5.5 4.2 1.4 0.2]
 [5.4 3.4 1.5 0.4]
 [4.9 3.1 1.5 0.1]
 [5.4 3.9 1.3 0.4]
 [6.6 3.  4.4 1.4]]
Dados de Teste.

([5.7, 4.4, 1.5, 0.4], [6.7, 3.1, 4.4, 1.4], [5.0, 2.3, 3.3, 1.0], [7.2, 3.6, 6.1, 2.5], [6.4, 2.8, 5.6, 2.1], [5.0, 3.4, 1.6, 0.4], [6.3, 2.3, 4.4, 1.3], [5.0, 3.3, 1.4, 0.2], [4.8, 3.4, 1.9, 0.2], [5.0, 3.5, 1.6, 0.6], [4.9, 3.1, 1.5, 0.1], [6.3, 2.5, 4.9, 1.5], [5.5, 2.4, 3.8, 1.1], [6.7, 3.3, 5.7, 2.5], [4.4, 3.0, 1.3, 0.2], [5.4, 3.9, 1.7, 0.4], [5.8, 2.7, 5.1, 1.9], [5.1, 3.8, 1.6, 0.2], [5.9, 3.0, 4.2, 1.5], [6.5, 3.0, 5.2, 2.0], [5.6, 3.0, 4.5, 1.5], [5.8, 2.6, 4.0, 1.2], [4.6, 3.1, 1.5, 0.2], [6.4, 2.9, 4.3, 1.3], [7.7, 2.6, 6.9, 2.3], [6.7, 3.0, 5.2, 2.3], [6.4, 2.8, 5.6, 2.2], [6.5, 2.8, 4.6, 1.5], [5.8, 2.7, 5.1, 1.9], [4.3, 3.0, 1.1, 0.1])
Dados de Teste.

([3.4000000000000004, 1.0], [3.5000000000000004, 1.0], [3.6000000000000005, 1.0], [3.7000000000000006, 1.0], [3.8000000000000007, 1.0], [3.900000000000001, 1.0], [4.000000000000001, 1.0], [4.100000000000001, 1.0], [4.200000000000001, 1.0], [4.300000000000001, 1.0], [4.400000000000001, 1.0], [4.500000000000002, 1.0], [4.600000000000001, 1.0], [4.700000000000001, 1.0], [4.800000000000002, 1.0], [4.900000000000002, 1.0], [5.000000000000002, 1.0], [5.100000000000001, 1.0], [5.200000000000002, 1.0], [5.3000000000000025, 1.0], [5.400000000000002, 1.0], [5.500000000000002, 1.0], [5.600000000000002, 1.0], [5.700000000000003, 1.0], [5.8000000000000025, 1.0], [5.900000000000002, 1.0], [6.000000000000003, 1.0], [6.100000000000003, 1.0], [6.200000000000003, 1.0], [6.3000000000000025, 1.0], [6.400000000000003, 1.0], [6.5000000000000036, 1.0], [6.600000000000003, 1.0], [6.700000000000003, 1.0], [6.800000000000003, 1.0], [6.900000000000004, 1.0], [7.0000000000000036, 1.0], [7.100000000000003, 1.0], [7.200000000000004, 1.0], [7.300000000000004, 1.0], [7.400000000000004, 1.0], [7.5000000000000036, 1.0], [7.600000000000004, 1.0], [7.700000000000005, 1.0], [7.800000000000004, 1.0], [7.900000000000004, 1.0], [8.000000000000004, 1.0], [8.100000000000005, 1.0], [8.200000000000005, 1.0], [8.300000000000004, 1.0], [8.400000000000006, 1.0], [8.500000000000005, 1.0], [8.600000000000005, 1.0], [8.700000000000005, 1.0], [8.800000000000004, 1.0], [3.4000000000000004, 1.1], [3.5000000000000004, 1.1], [3.6000000000000005, 1.1], [3.7000000000000006, 1.1], [3.8000000000000007, 1.1], [3.900000000000001, 1.1], [4.000000000000001, 1.1], [4.100000000000001, 1.1], [4.200000000000001, 1.1], [4.300000000000001, 1.1], [4.400000000000001, 1.1], [4.500000000000002, 1.1], [4.600000000000001, 1.1], [4.700000000000001, 1.1], [4.800000000000002, 1.1], [4.900000000000002, 1.1], [5.000000000000002, 1.1], [5.100000000000001, 1.1], [5.200000000000002, 1.1], [5.3000000000000025, 1.1], [5.400000000000002, 1.1], [5.500000000000002, 1.1], [5.600000000000002, 1.1], [5.700000000000003, 1.1], [5.8000000000000025, 1.1], [5.900000000000002, 1.1], [6.000000000000003, 1.1], [6.100000000000003, 1.1], [6.200000000000003, 1.1], [6.3000000000000025, 1.1], [6.400000000000003, 1.1], [6.5000000000000036, 1.1], [6.600000000000003, 1.1], [6.700000000000003, 1.1], [6.800000000000003, 1.1], [6.900000000000004, 1.1], [7.0000000000000036, 1.1], [7.100000000000003, 1.1], [7.200000000000004, 1.1], [7.300000000000004, 1.1], [7.400000000000004, 1.1], [7.5000000000000036, 1.1], [7.600000000000004, 1.1], [7.700000000000005, 1.1], [7.800000000000004, 1.1], [7.900000000000004, 1.1], [8.000000000000004, 1.1], [8.100000000000005, 1.1], [8.200000000000005, 1.1], [8.300000000000004, 1.1], [8.400000000000006, 1.1], [8.500000000000005, 1.1], [8.600000000000005, 1.1], [8.700000000000005, 1.1], [8.800000000000004, 1.1], [3.4000000000000004, 1.2000000000000002], [3.5000000000000004, 1.2000000000000002], [3.6000000000000005, 1.2000000000000002], [3.7000000000000006, 1.2000000000000002], [3.8000000000000007, 1.2000000000000002], [3.900000000000001, 1.2000000000000002], [4.000000000000001, 1.2000000000000002], [4.100000000000001, 1.2000000000000002], [4.200000000000001, 1.2000000000000002], [4.300000000000001, 1.2000000000000002], [4.400000000000001, 1.2000000000000002], [4.500000000000002, 1.2000000000000002], [4.600000000000001, 1.2000000000000002], [4.700000000000001, 1.2000000000000002], [4.800000000000002, 1.2000000000000002], [4.900000000000002, 1.2000000000000002], [5.000000000000002, 1.2000000000000002], [5.100000000000001, 1.2000000000000002], [5.200000000000002, 1.2000000000000002], [5.3000000000000025, 1.2000000000000002], [5.400000000000002, 1.2000000000000002], [5.500000000000002, 1.2000000000000002], [5.600000000000002, 1.2000000000000002], [5.700000000000003, 1.2000000000000002], [5.8000000000000025, 1.2000000000000002], [5.900000000000002, 1.2000000000000002], [6.000000000000003, 1.2000000000000002], [6.100000000000003, 1.2000000000000002], [6.200000000000003, 1.2000000000000002], [6.3000000000000025, 1.2000000000000002], [6.400000000000003, 1.2000000000000002], [6.5000000000000036, 1.2000000000000002], [6.600000000000003, 1.2000000000000002], [6.700000000000003, 1.2000000000000002], [6.800000000000003, 1.2000000000000002], [6.900000000000004, 1.2000000000000002], [7.0000000000000036, 1.2000000000000002], [7.100000000000003, 1.2000000000000002], [7.200000000000004, 1.2000000000000002], [7.300000000000004, 1.2000000000000002], [7.400000000000004, 1.2000000000000002], [7.5000000000000036, 1.2000000000000002], [7.600000000000004, 1.2000000000000002], [7.700000000000005, 1.2000000000000002], [7.800000000000004, 1.2000000000000002], [7.900000000000004, 1.2000000000000002], [8.000000000000004, 1.2000000000000002], [8.100000000000005, 1.2000000000000002], [8.200000000000005, 1.2000000000000002], [8.300000000000004, 1.2000000000000002], [8.400000000000006, 1.2000000000000002], [8.500000000000005, 1.2000000000000002], [8.600000000000005, 1.2000000000000002], [8.700000000000005, 1.2000000000000002], [8.800000000000004, 1.2000000000000002], [3.4000000000000004, 1.3000000000000003], [3.5000000000000004, 1.3000000000000003], [3.6000000000000005, 1.3000000000000003], [3.7000000000000006, 1.3000000000000003], [3.8000000000000007, 1.3000000000000003], [3.900000000000001, 1.3000000000000003], [4.000000000000001, 1.3000000000000003], [4.100000000000001, 1.3000000000000003], [4.200000000000001, 1.3000000000000003], [4.300000000000001, 1.3000000000000003], [4.400000000000001, 1.3000000000000003], [4.500000000000002, 1.3000000000000003], [4.600000000000001, 1.3000000000000003], [4.700000000000001, 1.3000000000000003], [4.800000000000002, 1.3000000000000003], [4.900000000000002, 1.3000000000000003], [5.000000000000002, 1.3000000000000003], [5.100000000000001, 1.3000000000000003], [5.200000000000002, 1.3000000000000003], [5.3000000000000025, 1.3000000000000003], [5.400000000000002, 1.3000000000000003], [5.500000000000002, 1.3000000000000003], [5.600000000000002, 1.3000000000000003], [5.700000000000003, 1.3000000000000003], [5.8000000000000025, 1.3000000000000003], [5.900000000000002, 1.3000000000000003], [6.000000000000003, 1.3000000000000003], [6.100000000000003, 1.3000000000000003], [6.200000000000003, 1.3000000000000003], [6.3000000000000025, 1.3000000000000003], [6.400000000000003, 1.3000000000000003], [6.5000000000000036, 1.3000000000000003], [6.600000000000003, 1.3000000000000003], [6.700000000000003, 1.3000000000000003], [6.800000000000003, 1.3000000000000003], [6.900000000000004, 1.3000000000000003], [7.0000000000000036, 1.3000000000000003], [7.100000000000003, 1.3000000000000003], [7.200000000000004, 1.3000000000000003], [7.300000000000004, 1.3000000000000003], [7.400000000000004, 1.3000000000000003], [7.5000000000000036, 1.3000000000000003], [7.600000000000004, 1.3000000000000003], [7.700000000000005, 1.3000000000000003], [7.800000000000004, 1.3000000000000003], [7.900000000000004, 1.3000000000000003], [8.000000000000004, 1.3000000000000003], [8.100000000000005, 1.3000000000000003], [8.200000000000005, 1.3000000000000003], [8.300000000000004, 1.3000000000000003], [8.400000000000006, 1.3000000000000003], [8.500000000000005, 1.3000000000000003], [8.600000000000005, 1.3000000000000003], [8.700000000000005, 1.3000000000000003], [8.800000000000004, 1.3000000000000003], [3.4000000000000004, 1.4000000000000004], [3.5000000000000004, 1.4000000000000004], [3.6000000000000005, 1.4000000000000004], [3.7000000000000006, 1.4000000000000004], [3.8000000000000007, 1.4000000000000004], [3.900000000000001, 1.4000000000000004], [4.000000000000001, 1.4000000000000004], [4.100000000000001, 1.4000000000000004], [4.200000000000001, 1.4000000000000004], [4.300000000000001, 1.4000000000000004], [4.400000000000001, 1.4000000000000004], [4.500000000000002, 1.4000000000000004], [4.600000000000001, 1.4000000000000004], [4.700000000000001, 1.4000000000000004], [4.800000000000002, 1.4000000000000004], [4.900000000000002, 1.4000000000000004], [5.000000000000002, 1.4000000000000004], [5.100000000000001, 1.4000000000000004], [5.200000000000002, 1.4000000000000004], [5.3000000000000025, 1.4000000000000004], [5.400000000000002, 1.4000000000000004], [5.500000000000002, 1.4000000000000004], [5.600000000000002, 1.4000000000000004], [5.700000000000003, 1.4000000000000004], [5.8000000000000025, 1.4000000000000004], [5.900000000000002, 1.4000000000000004], [6.000000000000003, 1.4000000000000004], [6.100000000000003, 1.4000000000000004], [6.200000000000003, 1.4000000000000004], [6.3000000000000025, 1.4000000000000004], [6.400000000000003, 1.4000000000000004], [6.5000000000000036, 1.4000000000000004], [6.600000000000003, 1.4000000000000004], [6.700000000000003, 1.4000000000000004], [6.800000000000003, 1.4000000000000004], [6.900000000000004, 1.4000000000000004], [7.0000000000000036, 1.4000000000000004], [7.100000000000003, 1.4000000000000004], [7.200000000000004, 1.4000000000000004], [7.300000000000004, 1.4000000000000004], [7.400000000000004, 1.4000000000000004], [7.5000000000000036, 1.4000000000000004], [7.600000000000004, 1.4000000000000004], [7.700000000000005, 1.4000000000000004], [7.800000000000004, 1.4000000000000004], [7.900000000000004, 1.4000000000000004], [8.000000000000004, 1.4000000000000004], [8.100000000000005, 1.4000000000000004], [8.200000000000005, 1.4000000000000004], [8.300000000000004, 1.4000000000000004], [8.400000000000006, 1.4000000000000004], [8.500000000000005, 1.4000000000000004], [8.600000000000005, 1.4000000000000004], [8.700000000000005, 1.4000000000000004], [8.800000000000004, 1.4000000000000004], [3.4000000000000004, 1.5000000000000004], [3.5000000000000004, 1.5000000000000004], [3.6000000000000005, 1.5000000000000004], [3.7000000000000006, 1.5000000000000004], [3.8000000000000007, 1.5000000000000004], [3.900000000000001, 1.5000000000000004], [4.000000000000001, 1.5000000000000004], [4.100000000000001, 1.5000000000000004], [4.200000000000001, 1.5000000000000004], [4.300000000000001, 1.5000000000000004], [4.400000000000001, 1.5000000000000004], [4.500000000000002, 1.5000000000000004], [4.600000000000001, 1.5000000000000004], [4.700000000000001, 1.5000000000000004], [4.800000000000002, 1.5000000000000004], [4.900000000000002, 1.5000000000000004], [5.000000000000002, 1.5000000000000004], [5.100000000000001, 1.5000000000000004], [5.200000000000002, 1.5000000000000004], [5.3000000000000025, 1.5000000000000004], [5.400000000000002, 1.5000000000000004], [5.500000000000002, 1.5000000000000004], [5.600000000000002, 1.5000000000000004], [5.700000000000003, 1.5000000000000004], [5.8000000000000025, 1.5000000000000004], [5.900000000000002, 1.5000000000000004], [6.000000000000003, 1.5000000000000004], [6.100000000000003, 1.5000000000000004], [6.200000000000003, 1.5000000000000004], [6.3000000000000025, 1.5000000000000004], [6.400000000000003, 1.5000000000000004], [6.5000000000000036, 1.5000000000000004], [6.600000000000003, 1.5000000000000004], [6.700000000000003, 1.5000000000000004], [6.800000000000003, 1.5000000000000004], [6.900000000000004, 1.5000000000000004], [7.0000000000000036, 1.5000000000000004], [7.100000000000003, 1.5000000000000004], [7.200000000000004, 1.5000000000000004], [7.300000000000004, 1.5000000000000004], [7.400000000000004, 1.5000000000000004], [7.5000000000000036, 1.5000000000000004], [7.600000000000004, 1.5000000000000004], [7.700000000000005, 1.5000000000000004], [7.800000000000004, 1.5000000000000004], [7.900000000000004, 1.5000000000000004], [8.000000000000004, 1.5000000000000004], [8.100000000000005, 1.5000000000000004], [8.200000000000005, 1.5000000000000004], [8.300000000000004, 1.5000000000000004], [8.400000000000006, 1.5000000000000004], [8.500000000000005, 1.5000000000000004], [8.600000000000005, 1.5000000000000004], [8.700000000000005, 1.5000000000000004], [8.800000000000004, 1.5000000000000004], [3.4000000000000004, 1.6000000000000005], [3.5000000000000004, 1.6000000000000005], [3.6000000000000005, 1.6000000000000005], [3.7000000000000006, 1.6000000000000005], [3.8000000000000007, 1.6000000000000005], [3.900000000000001, 1.6000000000000005], [4.000000000000001, 1.6000000000000005], [4.100000000000001, 1.6000000000000005], [4.200000000000001, 1.6000000000000005], [4.300000000000001, 1.6000000000000005], [4.400000000000001, 1.6000000000000005], [4.500000000000002, 1.6000000000000005], [4.600000000000001, 1.6000000000000005], [4.700000000000001, 1.6000000000000005], [4.800000000000002, 1.6000000000000005], [4.900000000000002, 1.6000000000000005], [5.000000000000002, 1.6000000000000005], [5.100000000000001, 1.6000000000000005], [5.200000000000002, 1.6000000000000005], [5.3000000000000025, 1.6000000000000005], [5.400000000000002, 1.6000000000000005], [5.500000000000002, 1.6000000000000005], [5.600000000000002, 1.6000000000000005], [5.700000000000003, 1.6000000000000005], [5.8000000000000025, 1.6000000000000005], [5.900000000000002, 1.6000000000000005], [6.000000000000003, 1.6000000000000005], [6.100000000000003, 1.6000000000000005], [6.200000000000003, 1.6000000000000005], [6.3000000000000025, 1.6000000000000005], [6.400000000000003, 1.6000000000000005], [6.5000000000000036, 1.6000000000000005], [6.600000000000003, 1.6000000000000005], [6.700000000000003, 1.6000000000000005], [6.800000000000003, 1.6000000000000005], [6.900000000000004, 1.6000000000000005], [7.0000000000000036, 1.6000000000000005], [7.100000000000003, 1.6000000000000005], [7.200000000000004, 1.6000000000000005], [7.300000000000004, 1.6000000000000005], [7.400000000000004, 1.6000000000000005], [7.5000000000000036, 1.6000000000000005], [7.600000000000004, 1.6000000000000005], [7.700000000000005, 1.6000000000000005], [7.800000000000004, 1.6000000000000005], [7.900000000000004, 1.6000000000000005], [8.000000000000004, 1.6000000000000005], [8.100000000000005, 1.6000000000000005], [8.200000000000005, 1.6000000000000005], [8.300000000000004, 1.6000000000000005], [8.400000000000006, 1.6000000000000005], [8.500000000000005, 1.6000000000000005], [8.600000000000005, 1.6000000000000005], [8.700000000000005, 1.6000000000000005], [8.800000000000004, 1.6000000000000005], [3.4000000000000004, 1.7000000000000006], [3.5000000000000004, 1.7000000000000006], [3.6000000000000005, 1.7000000000000006], [3.7000000000000006, 1.7000000000000006], [3.8000000000000007, 1.7000000000000006], [3.900000000000001, 1.7000000000000006], [4.000000000000001, 1.7000000000000006], [4.100000000000001, 1.7000000000000006], [4.200000000000001, 1.7000000000000006], [4.300000000000001, 1.7000000000000006], [4.400000000000001, 1.7000000000000006], [4.500000000000002, 1.7000000000000006], [4.600000000000001, 1.7000000000000006], [4.700000000000001, 1.7000000000000006], [4.800000000000002, 1.7000000000000006], [4.900000000000002, 1.7000000000000006], [5.000000000000002, 1.7000000000000006], [5.100000000000001, 1.7000000000000006], [5.200000000000002, 1.7000000000000006], [5.3000000000000025, 1.7000000000000006], [5.400000000000002, 1.7000000000000006], [5.500000000000002, 1.7000000000000006], [5.600000000000002, 1.7000000000000006], [5.700000000000003, 1.7000000000000006], [5.8000000000000025, 1.7000000000000006], [5.900000000000002, 1.7000000000000006], [6.000000000000003, 1.7000000000000006], [6.100000000000003, 1.7000000000000006], [6.200000000000003, 1.7000000000000006], [6.3000000000000025, 1.7000000000000006], [6.400000000000003, 1.7000000000000006], [6.5000000000000036, 1.7000000000000006], [6.600000000000003, 1.7000000000000006], [6.700000000000003, 1.7000000000000006], [6.800000000000003, 1.7000000000000006], [6.900000000000004, 1.7000000000000006], [7.0000000000000036, 1.7000000000000006], [7.100000000000003, 1.7000000000000006], [7.200000000000004, 1.7000000000000006], [7.300000000000004, 1.7000000000000006], [7.400000000000004, 1.7000000000000006], [7.5000000000000036, 1.7000000000000006], [7.600000000000004, 1.7000000000000006], [7.700000000000005, 1.7000000000000006], [7.800000000000004, 1.7000000000000006], [7.900000000000004, 1.7000000000000006], [8.000000000000004, 1.7000000000000006], [8.100000000000005, 1.7000000000000006], [8.200000000000005, 1.7000000000000006], [8.300000000000004, 1.7000000000000006], [8.400000000000006, 1.7000000000000006], [8.500000000000005, 1.7000000000000006], [8.600000000000005, 1.7000000000000006], [8.700000000000005, 1.7000000000000006], [8.800000000000004, 1.7000000000000006], [3.4000000000000004, 1.8000000000000007], [3.5000000000000004, 1.8000000000000007], [3.6000000000000005, 1.8000000000000007], [3.7000000000000006, 1.8000000000000007], [3.8000000000000007, 1.8000000000000007], [3.900000000000001, 1.8000000000000007], [4.000000000000001, 1.8000000000000007], [4.100000000000001, 1.8000000000000007], [4.200000000000001, 1.8000000000000007], [4.300000000000001, 1.8000000000000007], [4.400000000000001, 1.8000000000000007], [4.500000000000002, 1.8000000000000007], [4.600000000000001, 1.8000000000000007], [4.700000000000001, 1.8000000000000007], [4.800000000000002, 1.8000000000000007], [4.900000000000002, 1.8000000000000007], [5.000000000000002, 1.8000000000000007], [5.100000000000001, 1.8000000000000007], [5.200000000000002, 1.8000000000000007], [5.3000000000000025, 1.8000000000000007], [5.400000000000002, 1.8000000000000007], [5.500000000000002, 1.8000000000000007], [5.600000000000002, 1.8000000000000007], [5.700000000000003, 1.8000000000000007], [5.8000000000000025, 1.8000000000000007], [5.900000000000002, 1.8000000000000007], [6.000000000000003, 1.8000000000000007], [6.100000000000003, 1.8000000000000007], [6.200000000000003, 1.8000000000000007], [6.3000000000000025, 1.8000000000000007], [6.400000000000003, 1.8000000000000007], [6.5000000000000036, 1.8000000000000007], [6.600000000000003, 1.8000000000000007], [6.700000000000003, 1.8000000000000007], [6.800000000000003, 1.8000000000000007], [6.900000000000004, 1.8000000000000007], [7.0000000000000036, 1.8000000000000007], [7.100000000000003, 1.8000000000000007], [7.200000000000004, 1.8000000000000007], [7.300000000000004, 1.8000000000000007], [7.400000000000004, 1.8000000000000007], [7.5000000000000036, 1.8000000000000007], [7.600000000000004, 1.8000000000000007], [7.700000000000005, 1.8000000000000007], [7.800000000000004, 1.8000000000000007], [7.900000000000004, 1.8000000000000007], [8.000000000000004, 1.8000000000000007], [8.100000000000005, 1.8000000000000007], [8.200000000000005, 1.8000000000000007], [8.300000000000004, 1.8000000000000007], [8.400000000000006, 1.8000000000000007], [8.500000000000005, 1.8000000000000007], [8.600000000000005, 1.8000000000000007], [8.700000000000005, 1.8000000000000007], [8.800000000000004, 1.8000000000000007], [3.4000000000000004, 1.9000000000000008], [3.5000000000000004, 1.9000000000000008], [3.6000000000000005, 1.9000000000000008], [3.7000000000000006, 1.9000000000000008], [3.8000000000000007, 1.9000000000000008], [3.900000000000001, 1.9000000000000008], [4.000000000000001, 1.9000000000000008], [4.100000000000001, 1.9000000000000008], [4.200000000000001, 1.9000000000000008], [4.300000000000001, 1.9000000000000008], [4.400000000000001, 1.9000000000000008], [4.500000000000002, 1.9000000000000008], [4.600000000000001, 1.9000000000000008], [4.700000000000001, 1.9000000000000008], [4.800000000000002, 1.9000000000000008], [4.900000000000002, 1.9000000000000008], [5.000000000000002, 1.9000000000000008], [5.100000000000001, 1.9000000000000008], [5.200000000000002, 1.9000000000000008], [5.3000000000000025, 1.9000000000000008], [5.400000000000002, 1.9000000000000008], [5.500000000000002, 1.9000000000000008], [5.600000000000002, 1.9000000000000008], [5.700000000000003, 1.9000000000000008], [5.8000000000000025, 1.9000000000000008], [5.900000000000002, 1.9000000000000008], [6.000000000000003, 1.9000000000000008], [6.100000000000003, 1.9000000000000008], [6.200000000000003, 1.9000000000000008], [6.3000000000000025, 1.9000000000000008], [6.400000000000003, 1.9000000000000008], [6.5000000000000036, 1.9000000000000008], [6.600000000000003, 1.9000000000000008], [6.700000000000003, 1.9000000000000008], [6.800000000000003, 1.9000000000000008], [6.900000000000004, 1.9000000000000008], [7.0000000000000036, 1.9000000000000008], [7.100000000000003, 1.9000000000000008], [7.200000000000004, 1.9000000000000008], [7.300000000000004, 1.9000000000000008], [7.400000000000004, 1.9000000000000008], [7.5000000000000036, 1.9000000000000008], [7.600000000000004, 1.9000000000000008], [7.700000000000005, 1.9000000000000008], [7.800000000000004, 1.9000000000000008], [7.900000000000004, 1.9000000000000008], [8.000000000000004, 1.9000000000000008], [8.100000000000005, 1.9000000000000008], [8.200000000000005, 1.9000000000000008], [8.300000000000004, 1.9000000000000008], [8.400000000000006, 1.9000000000000008], [8.500000000000005, 1.9000000000000008], [8.600000000000005, 1.9000000000000008], [8.700000000000005, 1.9000000000000008], [8.800000000000004, 1.9000000000000008], [3.4000000000000004, 2.000000000000001], [3.5000000000000004, 2.000000000000001], [3.6000000000000005, 2.000000000000001], [3.7000000000000006, 2.000000000000001], [3.8000000000000007, 2.000000000000001], [3.900000000000001, 2.000000000000001], [4.000000000000001, 2.000000000000001], [4.100000000000001, 2.000000000000001], [4.200000000000001, 2.000000000000001], [4.300000000000001, 2.000000000000001], [4.400000000000001, 2.000000000000001], [4.500000000000002, 2.000000000000001], [4.600000000000001, 2.000000000000001], [4.700000000000001, 2.000000000000001], [4.800000000000002, 2.000000000000001], [4.900000000000002, 2.000000000000001], [5.000000000000002, 2.000000000000001], [5.100000000000001, 2.000000000000001], [5.200000000000002, 2.000000000000001], [5.3000000000000025, 2.000000000000001], [5.400000000000002, 2.000000000000001], [5.500000000000002, 2.000000000000001], [5.600000000000002, 2.000000000000001], [5.700000000000003, 2.000000000000001], [5.8000000000000025, 2.000000000000001], [5.900000000000002, 2.000000000000001], [6.000000000000003, 2.000000000000001], [6.100000000000003, 2.000000000000001], [6.200000000000003, 2.000000000000001], [6.3000000000000025, 2.000000000000001], [6.400000000000003, 2.000000000000001], [6.5000000000000036, 2.000000000000001], [6.600000000000003, 2.000000000000001], [6.700000000000003, 2.000000000000001], [6.800000000000003, 2.000000000000001], [6.900000000000004, 2.000000000000001], [7.0000000000000036, 2.000000000000001], [7.100000000000003, 2.000000000000001], [7.200000000000004, 2.000000000000001], [7.300000000000004, 2.000000000000001], [7.400000000000004, 2.000000000000001], [7.5000000000000036, 2.000000000000001], [7.600000000000004, 2.000000000000001], [7.700000000000005, 2.000000000000001], [7.800000000000004, 2.000000000000001], [7.900000000000004, 2.000000000000001], [8.000000000000004, 2.000000000000001], [8.100000000000005, 2.000000000000001], [8.200000000000005, 2.000000000000001], [8.300000000000004, 2.000000000000001], [8.400000000000006, 2.000000000000001], [8.500000000000005, 2.000000000000001], [8.600000000000005, 2.000000000000001], [8.700000000000005, 2.000000000000001], [8.800000000000004, 2.000000000000001], [3.4000000000000004, 2.100000000000001], [3.5000000000000004, 2.100000000000001], [3.6000000000000005, 2.100000000000001], [3.7000000000000006, 2.100000000000001], [3.8000000000000007, 2.100000000000001], [3.900000000000001, 2.100000000000001], [4.000000000000001, 2.100000000000001], [4.100000000000001, 2.100000000000001], [4.200000000000001, 2.100000000000001], [4.300000000000001, 2.100000000000001], [4.400000000000001, 2.100000000000001], [4.500000000000002, 2.100000000000001], [4.600000000000001, 2.100000000000001], [4.700000000000001, 2.100000000000001], [4.800000000000002, 2.100000000000001], [4.900000000000002, 2.100000000000001], [5.000000000000002, 2.100000000000001], [5.100000000000001, 2.100000000000001], [5.200000000000002, 2.100000000000001], [5.3000000000000025, 2.100000000000001], [5.400000000000002, 2.100000000000001], [5.500000000000002, 2.100000000000001], [5.600000000000002, 2.100000000000001], [5.700000000000003, 2.100000000000001], [5.8000000000000025, 2.100000000000001], [5.900000000000002, 2.100000000000001], [6.000000000000003, 2.100000000000001], [6.100000000000003, 2.100000000000001], [6.200000000000003, 2.100000000000001], [6.3000000000000025, 2.100000000000001], [6.400000000000003, 2.100000000000001], [6.5000000000000036, 2.100000000000001], [6.600000000000003, 2.100000000000001], [6.700000000000003, 2.100000000000001], [6.800000000000003, 2.100000000000001], [6.900000000000004, 2.100000000000001], [7.0000000000000036, 2.100000000000001], [7.100000000000003, 2.100000000000001], [7.200000000000004, 2.100000000000001], [7.300000000000004, 2.100000000000001], [7.400000000000004, 2.100000000000001], [7.5000000000000036, 2.100000000000001], [7.600000000000004, 2.100000000000001], [7.700000000000005, 2.100000000000001], [7.800000000000004, 2.100000000000001], [7.900000000000004, 2.100000000000001], [8.000000000000004, 2.100000000000001], [8.100000000000005, 2.100000000000001], [8.200000000000005, 2.100000000000001], [8.300000000000004, 2.100000000000001], [8.400000000000006, 2.100000000000001], [8.500000000000005, 2.100000000000001], [8.600000000000005, 2.100000000000001], [8.700000000000005, 2.100000000000001], [8.800000000000004, 2.100000000000001], [3.4000000000000004, 2.200000000000001], [3.5000000000000004, 2.200000000000001], [3.6000000000000005, 2.200000000000001], [3.7000000000000006, 2.200000000000001], [3.8000000000000007, 2.200000000000001], [3.900000000000001, 2.200000000000001], [4.000000000000001, 2.200000000000001], [4.100000000000001, 2.200000000000001], [4.200000000000001, 2.200000000000001], [4.300000000000001, 2.200000000000001], [4.400000000000001, 2.200000000000001], [4.500000000000002, 2.200000000000001], [4.600000000000001, 2.200000000000001], [4.700000000000001, 2.200000000000001], [4.800000000000002, 2.200000000000001], [4.900000000000002, 2.200000000000001], [5.000000000000002, 2.200000000000001], [5.100000000000001, 2.200000000000001], [5.200000000000002, 2.200000000000001], [5.3000000000000025, 2.200000000000001], [5.400000000000002, 2.200000000000001], [5.500000000000002, 2.200000000000001], [5.600000000000002, 2.200000000000001], [5.700000000000003, 2.200000000000001], [5.8000000000000025, 2.200000000000001], [5.900000000000002, 2.200000000000001], [6.000000000000003, 2.200000000000001], [6.100000000000003, 2.200000000000001], [6.200000000000003, 2.200000000000001], [6.3000000000000025, 2.200000000000001], [6.400000000000003, 2.200000000000001], [6.5000000000000036, 2.200000000000001], [6.600000000000003, 2.200000000000001], [6.700000000000003, 2.200000000000001], [6.800000000000003, 2.200000000000001], [6.900000000000004, 2.200000000000001], [7.0000000000000036, 2.200000000000001], [7.100000000000003, 2.200000000000001], [7.200000000000004, 2.200000000000001], [7.300000000000004, 2.200000000000001], [7.400000000000004, 2.200000000000001], [7.5000000000000036, 2.200000000000001], [7.600000000000004, 2.200000000000001], [7.700000000000005, 2.200000000000001], [7.800000000000004, 2.200000000000001], [7.900000000000004, 2.200000000000001], [8.000000000000004, 2.200000000000001], [8.100000000000005, 2.200000000000001], [8.200000000000005, 2.200000000000001], [8.300000000000004, 2.200000000000001], [8.400000000000006, 2.200000000000001], [8.500000000000005, 2.200000000000001], [8.600000000000005, 2.200000000000001], [8.700000000000005, 2.200000000000001], [8.800000000000004, 2.200000000000001], [3.4000000000000004, 2.300000000000001], [3.5000000000000004, 2.300000000000001], [3.6000000000000005, 2.300000000000001], [3.7000000000000006, 2.300000000000001], [3.8000000000000007, 2.300000000000001], [3.900000000000001, 2.300000000000001], [4.000000000000001, 2.300000000000001], [4.100000000000001, 2.300000000000001], [4.200000000000001, 2.300000000000001], [4.300000000000001, 2.300000000000001], [4.400000000000001, 2.300000000000001], [4.500000000000002, 2.300000000000001], [4.600000000000001, 2.300000000000001], [4.700000000000001, 2.300000000000001], [4.800000000000002, 2.300000000000001], [4.900000000000002, 2.300000000000001], [5.000000000000002, 2.300000000000001], [5.100000000000001, 2.300000000000001], [5.200000000000002, 2.300000000000001], [5.3000000000000025, 2.300000000000001], [5.400000000000002, 2.300000000000001], [5.500000000000002, 2.300000000000001], [5.600000000000002, 2.300000000000001], [5.700000000000003, 2.300000000000001], [5.8000000000000025, 2.300000000000001], [5.900000000000002, 2.300000000000001], [6.000000000000003, 2.300000000000001], [6.100000000000003, 2.300000000000001], [6.200000000000003, 2.300000000000001], [6.3000000000000025, 2.300000000000001], [6.400000000000003, 2.300000000000001], [6.5000000000000036, 2.300000000000001], [6.600000000000003, 2.300000000000001], [6.700000000000003, 2.300000000000001], [6.800000000000003, 2.300000000000001], [6.900000000000004, 2.300000000000001], [7.0000000000000036, 2.300000000000001], [7.100000000000003, 2.300000000000001], [7.200000000000004, 2.300000000000001], [7.300000000000004, 2.300000000000001], [7.400000000000004, 2.300000000000001], [7.5000000000000036, 2.300000000000001], [7.600000000000004, 2.300000000000001], [7.700000000000005, 2.300000000000001], [7.800000000000004, 2.300000000000001], [7.900000000000004, 2.300000000000001], [8.000000000000004, 2.300000000000001], [8.100000000000005, 2.300000000000001], [8.200000000000005, 2.300000000000001], [8.300000000000004, 2.300000000000001], [8.400000000000006, 2.300000000000001], [8.500000000000005, 2.300000000000001], [8.600000000000005, 2.300000000000001], [8.700000000000005, 2.300000000000001], [8.800000000000004, 2.300000000000001], [3.4000000000000004, 2.4000000000000012], [3.5000000000000004, 2.4000000000000012], [3.6000000000000005, 2.4000000000000012], [3.7000000000000006, 2.4000000000000012], [3.8000000000000007, 2.4000000000000012], [3.900000000000001, 2.4000000000000012], [4.000000000000001, 2.4000000000000012], [4.100000000000001, 2.4000000000000012], [4.200000000000001, 2.4000000000000012], [4.300000000000001, 2.4000000000000012], [4.400000000000001, 2.4000000000000012], [4.500000000000002, 2.4000000000000012], [4.600000000000001, 2.4000000000000012], [4.700000000000001, 2.4000000000000012], [4.800000000000002, 2.4000000000000012], [4.900000000000002, 2.4000000000000012], [5.000000000000002, 2.4000000000000012], [5.100000000000001, 2.4000000000000012], [5.200000000000002, 2.4000000000000012], [5.3000000000000025, 2.4000000000000012], [5.400000000000002, 2.4000000000000012], [5.500000000000002, 2.4000000000000012], [5.600000000000002, 2.4000000000000012], [5.700000000000003, 2.4000000000000012], [5.8000000000000025, 2.4000000000000012], [5.900000000000002, 2.4000000000000012], [6.000000000000003, 2.4000000000000012], [6.100000000000003, 2.4000000000000012], [6.200000000000003, 2.4000000000000012], [6.3000000000000025, 2.4000000000000012], [6.400000000000003, 2.4000000000000012], [6.5000000000000036, 2.4000000000000012], [6.600000000000003, 2.4000000000000012], [6.700000000000003, 2.4000000000000012], [6.800000000000003, 2.4000000000000012], [6.900000000000004, 2.4000000000000012], [7.0000000000000036, 2.4000000000000012], [7.100000000000003, 2.4000000000000012], [7.200000000000004, 2.4000000000000012], [7.300000000000004, 2.4000000000000012], [7.400000000000004, 2.4000000000000012], [7.5000000000000036, 2.4000000000000012], [7.600000000000004, 2.4000000000000012], [7.700000000000005, 2.4000000000000012], [7.800000000000004, 2.4000000000000012], [7.900000000000004, 2.4000000000000012], [8.000000000000004, 2.4000000000000012], [8.100000000000005, 2.4000000000000012], [8.200000000000005, 2.4000000000000012], [8.300000000000004, 2.4000000000000012], [8.400000000000006, 2.4000000000000012], [8.500000000000005, 2.4000000000000012], [8.600000000000005, 2.4000000000000012], [8.700000000000005, 2.4000000000000012], [8.800000000000004, 2.4000000000000012], [3.4000000000000004, 2.5000000000000013], [3.5000000000000004, 2.5000000000000013], [3.6000000000000005, 2.5000000000000013], [3.7000000000000006, 2.5000000000000013], [3.8000000000000007, 2.5000000000000013], [3.900000000000001, 2.5000000000000013], [4.000000000000001, 2.5000000000000013], [4.100000000000001, 2.5000000000000013], [4.200000000000001, 2.5000000000000013], [4.300000000000001, 2.5000000000000013], [4.400000000000001, 2.5000000000000013], [4.500000000000002, 2.5000000000000013], [4.600000000000001, 2.5000000000000013], [4.700000000000001, 2.5000000000000013], [4.800000000000002, 2.5000000000000013], [4.900000000000002, 2.5000000000000013], [5.000000000000002, 2.5000000000000013], [5.100000000000001, 2.5000000000000013], [5.200000000000002, 2.5000000000000013], [5.3000000000000025, 2.5000000000000013], [5.400000000000002, 2.5000000000000013], [5.500000000000002, 2.5000000000000013], [5.600000000000002, 2.5000000000000013], [5.700000000000003, 2.5000000000000013], [5.8000000000000025, 2.5000000000000013], [5.900000000000002, 2.5000000000000013], [6.000000000000003, 2.5000000000000013], [6.100000000000003, 2.5000000000000013], [6.200000000000003, 2.5000000000000013], [6.3000000000000025, 2.5000000000000013], [6.400000000000003, 2.5000000000000013], [6.5000000000000036, 2.5000000000000013], [6.600000000000003, 2.5000000000000013], [6.700000000000003, 2.5000000000000013], [6.800000000000003, 2.5000000000000013], [6.900000000000004, 2.5000000000000013], [7.0000000000000036, 2.5000000000000013], [7.100000000000003, 2.5000000000000013], [7.200000000000004, 2.5000000000000013], [7.300000000000004, 2.5000000000000013], [7.400000000000004, 2.5000000000000013], [7.5000000000000036, 2.5000000000000013], [7.600000000000004, 2.5000000000000013], [7.700000000000005, 2.5000000000000013], [7.800000000000004, 2.5000000000000013], [7.900000000000004, 2.5000000000000013], [8.000000000000004, 2.5000000000000013], [8.100000000000005, 2.5000000000000013], [8.200000000000005, 2.5000000000000013], [8.300000000000004, 2.5000000000000013], [8.400000000000006, 2.5000000000000013], [8.500000000000005, 2.5000000000000013], [8.600000000000005, 2.5000000000000013], [8.700000000000005, 2.5000000000000013], [8.800000000000004, 2.5000000000000013], [3.4000000000000004, 2.6000000000000014], [3.5000000000000004, 2.6000000000000014], [3.6000000000000005, 2.6000000000000014], [3.7000000000000006, 2.6000000000000014], [3.8000000000000007, 2.6000000000000014], [3.900000000000001, 2.6000000000000014], [4.000000000000001, 2.6000000000000014], [4.100000000000001, 2.6000000000000014], [4.200000000000001, 2.6000000000000014], [4.300000000000001, 2.6000000000000014], [4.400000000000001, 2.6000000000000014], [4.500000000000002, 2.6000000000000014], [4.600000000000001, 2.6000000000000014], [4.700000000000001, 2.6000000000000014], [4.800000000000002, 2.6000000000000014], [4.900000000000002, 2.6000000000000014], [5.000000000000002, 2.6000000000000014], [5.100000000000001, 2.6000000000000014], [5.200000000000002, 2.6000000000000014], [5.3000000000000025, 2.6000000000000014], [5.400000000000002, 2.6000000000000014], [5.500000000000002, 2.6000000000000014], [5.600000000000002, 2.6000000000000014], [5.700000000000003, 2.6000000000000014], [5.8000000000000025, 2.6000000000000014], [5.900000000000002, 2.6000000000000014], [6.000000000000003, 2.6000000000000014], [6.100000000000003, 2.6000000000000014], [6.200000000000003, 2.6000000000000014], [6.3000000000000025, 2.6000000000000014], [6.400000000000003, 2.6000000000000014], [6.5000000000000036, 2.6000000000000014], [6.600000000000003, 2.6000000000000014], [6.700000000000003, 2.6000000000000014], [6.800000000000003, 2.6000000000000014], [6.900000000000004, 2.6000000000000014], [7.0000000000000036, 2.6000000000000014], [7.100000000000003, 2.6000000000000014], [7.200000000000004, 2.6000000000000014], [7.300000000000004, 2.6000000000000014], [7.400000000000004, 2.6000000000000014], [7.5000000000000036, 2.6000000000000014], [7.600000000000004, 2.6000000000000014], [7.700000000000005, 2.6000000000000014], [7.800000000000004, 2.6000000000000014], [7.900000000000004, 2.6000000000000014], [8.000000000000004, 2.6000000000000014], [8.100000000000005, 2.6000000000000014], [8.200000000000005, 2.6000000000000014], [8.300000000000004, 2.6000000000000014], [8.400000000000006, 2.6000000000000014], [8.500000000000005, 2.6000000000000014], [8.600000000000005, 2.6000000000000014], [8.700000000000005, 2.6000000000000014], [8.800000000000004, 2.6000000000000014], [3.4000000000000004, 2.7000000000000015], [3.5000000000000004, 2.7000000000000015], [3.6000000000000005, 2.7000000000000015], [3.7000000000000006, 2.7000000000000015], [3.8000000000000007, 2.7000000000000015], [3.900000000000001, 2.7000000000000015], [4.000000000000001, 2.7000000000000015], [4.100000000000001, 2.7000000000000015], [4.200000000000001, 2.7000000000000015], [4.300000000000001, 2.7000000000000015], [4.400000000000001, 2.7000000000000015], [4.500000000000002, 2.7000000000000015], [4.600000000000001, 2.7000000000000015], [4.700000000000001, 2.7000000000000015], [4.800000000000002, 2.7000000000000015], [4.900000000000002, 2.7000000000000015], [5.000000000000002, 2.7000000000000015], [5.100000000000001, 2.7000000000000015], [5.200000000000002, 2.7000000000000015], [5.3000000000000025, 2.7000000000000015], [5.400000000000002, 2.7000000000000015], [5.500000000000002, 2.7000000000000015], [5.600000000000002, 2.7000000000000015], [5.700000000000003, 2.7000000000000015], [5.8000000000000025, 2.7000000000000015], [5.900000000000002, 2.7000000000000015], [6.000000000000003, 2.7000000000000015], [6.100000000000003, 2.7000000000000015], [6.200000000000003, 2.7000000000000015], [6.3000000000000025, 2.7000000000000015], [6.400000000000003, 2.7000000000000015], [6.5000000000000036, 2.7000000000000015], [6.600000000000003, 2.7000000000000015], [6.700000000000003, 2.7000000000000015], [6.800000000000003, 2.7000000000000015], [6.900000000000004, 2.7000000000000015], [7.0000000000000036, 2.7000000000000015], [7.100000000000003, 2.7000000000000015], [7.200000000000004, 2.7000000000000015], [7.300000000000004, 2.7000000000000015], [7.400000000000004, 2.7000000000000015], [7.5000000000000036, 2.7000000000000015], [7.600000000000004, 2.7000000000000015], [7.700000000000005, 2.7000000000000015], [7.800000000000004, 2.7000000000000015], [7.900000000000004, 2.7000000000000015], [8.000000000000004, 2.7000000000000015], [8.100000000000005, 2.7000000000000015], [8.200000000000005, 2.7000000000000015], [8.300000000000004, 2.7000000000000015], [8.400000000000006, 2.7000000000000015], [8.500000000000005, 2.7000000000000015], [8.600000000000005, 2.7000000000000015], [8.700000000000005, 2.7000000000000015], [8.800000000000004, 2.7000000000000015], [3.4000000000000004, 2.8000000000000016], [3.5000000000000004, 2.8000000000000016], [3.6000000000000005, 2.8000000000000016], [3.7000000000000006, 2.8000000000000016], [3.8000000000000007, 2.8000000000000016], [3.900000000000001, 2.8000000000000016], [4.000000000000001, 2.8000000000000016], [4.100000000000001, 2.8000000000000016], [4.200000000000001, 2.8000000000000016], [4.300000000000001, 2.8000000000000016], [4.400000000000001, 2.8000000000000016], [4.500000000000002, 2.8000000000000016], [4.600000000000001, 2.8000000000000016], [4.700000000000001, 2.8000000000000016], [4.800000000000002, 2.8000000000000016], [4.900000000000002, 2.8000000000000016], [5.000000000000002, 2.8000000000000016], [5.100000000000001, 2.8000000000000016], [5.200000000000002, 2.8000000000000016], [5.3000000000000025, 2.8000000000000016], [5.400000000000002, 2.8000000000000016], [5.500000000000002, 2.8000000000000016], [5.600000000000002, 2.8000000000000016], [5.700000000000003, 2.8000000000000016], [5.8000000000000025, 2.8000000000000016], [5.900000000000002, 2.8000000000000016], [6.000000000000003, 2.8000000000000016], [6.100000000000003, 2.8000000000000016], [6.200000000000003, 2.8000000000000016], [6.3000000000000025, 2.8000000000000016], [6.400000000000003, 2.8000000000000016], [6.5000000000000036, 2.8000000000000016], [6.600000000000003, 2.8000000000000016], [6.700000000000003, 2.8000000000000016], [6.800000000000003, 2.8000000000000016], [6.900000000000004, 2.8000000000000016], [7.0000000000000036, 2.8000000000000016], [7.100000000000003, 2.8000000000000016], [7.200000000000004, 2.8000000000000016], [7.300000000000004, 2.8000000000000016], [7.400000000000004, 2.8000000000000016], [7.5000000000000036, 2.8000000000000016], [7.600000000000004, 2.8000000000000016], [7.700000000000005, 2.8000000000000016], [7.800000000000004, 2.8000000000000016], [7.900000000000004, 2.8000000000000016], [8.000000000000004, 2.8000000000000016], [8.100000000000005, 2.8000000000000016], [8.200000000000005, 2.8000000000000016], [8.300000000000004, 2.8000000000000016], [8.400000000000006, 2.8000000000000016], [8.500000000000005, 2.8000000000000016], [8.600000000000005, 2.8000000000000016], [8.700000000000005, 2.8000000000000016], [8.800000000000004, 2.8000000000000016], [3.4000000000000004, 2.9000000000000017], [3.5000000000000004, 2.9000000000000017], [3.6000000000000005, 2.9000000000000017], [3.7000000000000006, 2.9000000000000017], [3.8000000000000007, 2.9000000000000017], [3.900000000000001, 2.9000000000000017], [4.000000000000001, 2.9000000000000017], [4.100000000000001, 2.9000000000000017], [4.200000000000001, 2.9000000000000017], [4.300000000000001, 2.9000000000000017], [4.400000000000001, 2.9000000000000017], [4.500000000000002, 2.9000000000000017], [4.600000000000001, 2.9000000000000017], [4.700000000000001, 2.9000000000000017], [4.800000000000002, 2.9000000000000017], [4.900000000000002, 2.9000000000000017], [5.000000000000002, 2.9000000000000017], [5.100000000000001, 2.9000000000000017], [5.200000000000002, 2.9000000000000017], [5.3000000000000025, 2.9000000000000017], [5.400000000000002, 2.9000000000000017], [5.500000000000002, 2.9000000000000017], [5.600000000000002, 2.9000000000000017], [5.700000000000003, 2.9000000000000017], [5.8000000000000025, 2.9000000000000017], [5.900000000000002, 2.9000000000000017], [6.000000000000003, 2.9000000000000017], [6.100000000000003, 2.9000000000000017], [6.200000000000003, 2.9000000000000017], [6.3000000000000025, 2.9000000000000017], [6.400000000000003, 2.9000000000000017], [6.5000000000000036, 2.9000000000000017], [6.600000000000003, 2.9000000000000017], [6.700000000000003, 2.9000000000000017], [6.800000000000003, 2.9000000000000017], [6.900000000000004, 2.9000000000000017], [7.0000000000000036, 2.9000000000000017], [7.100000000000003, 2.9000000000000017], [7.200000000000004, 2.9000000000000017], [7.300000000000004, 2.9000000000000017], [7.400000000000004, 2.9000000000000017], [7.5000000000000036, 2.9000000000000017], [7.600000000000004, 2.9000000000000017], [7.700000000000005, 2.9000000000000017], [7.800000000000004, 2.9000000000000017], [7.900000000000004, 2.9000000000000017], [8.000000000000004, 2.9000000000000017], [8.100000000000005, 2.9000000000000017], [8.200000000000005, 2.9000000000000017], [8.300000000000004, 2.9000000000000017], [8.400000000000006, 2.9000000000000017], [8.500000000000005, 2.9000000000000017], [8.600000000000005, 2.9000000000000017], [8.700000000000005, 2.9000000000000017], [8.800000000000004, 2.9000000000000017], [3.4000000000000004, 3.0000000000000018], [3.5000000000000004, 3.0000000000000018], [3.6000000000000005, 3.0000000000000018], [3.7000000000000006, 3.0000000000000018], [3.8000000000000007, 3.0000000000000018], [3.900000000000001, 3.0000000000000018], [4.000000000000001, 3.0000000000000018], [4.100000000000001, 3.0000000000000018], [4.200000000000001, 3.0000000000000018], [4.300000000000001, 3.0000000000000018], [4.400000000000001, 3.0000000000000018], [4.500000000000002, 3.0000000000000018], [4.600000000000001, 3.0000000000000018], [4.700000000000001, 3.0000000000000018], [4.800000000000002, 3.0000000000000018], [4.900000000000002, 3.0000000000000018], [5.000000000000002, 3.0000000000000018], [5.100000000000001, 3.0000000000000018], [5.200000000000002, 3.0000000000000018], [5.3000000000000025, 3.0000000000000018], [5.400000000000002, 3.0000000000000018], [5.500000000000002, 3.0000000000000018], [5.600000000000002, 3.0000000000000018], [5.700000000000003, 3.0000000000000018], [5.8000000000000025, 3.0000000000000018], [5.900000000000002, 3.0000000000000018], [6.000000000000003, 3.0000000000000018], [6.100000000000003, 3.0000000000000018], [6.200000000000003, 3.0000000000000018], [6.3000000000000025, 3.0000000000000018], [6.400000000000003, 3.0000000000000018], [6.5000000000000036, 3.0000000000000018], [6.600000000000003, 3.0000000000000018], [6.700000000000003, 3.0000000000000018], [6.800000000000003, 3.0000000000000018], [6.900000000000004, 3.0000000000000018], [7.0000000000000036, 3.0000000000000018], [7.100000000000003, 3.0000000000000018], [7.200000000000004, 3.0000000000000018], [7.300000000000004, 3.0000000000000018], [7.400000000000004, 3.0000000000000018], [7.5000000000000036, 3.0000000000000018], [7.600000000000004, 3.0000000000000018], [7.700000000000005, 3.0000000000000018], [7.800000000000004, 3.0000000000000018], [7.900000000000004, 3.0000000000000018], [8.000000000000004, 3.0000000000000018], [8.100000000000005, 3.0000000000000018], [8.200000000000005, 3.0000000000000018], [8.300000000000004, 3.0000000000000018], [8.400000000000006, 3.0000000000000018], [8.500000000000005, 3.0000000000000018], [8.600000000000005, 3.0000000000000018], [8.700000000000005, 3.0000000000000018], [8.800000000000004, 3.0000000000000018], [3.4000000000000004, 3.100000000000002], [3.5000000000000004, 3.100000000000002], [3.6000000000000005, 3.100000000000002], [3.7000000000000006, 3.100000000000002], [3.8000000000000007, 3.100000000000002], [3.900000000000001, 3.100000000000002], [4.000000000000001, 3.100000000000002], [4.100000000000001, 3.100000000000002], [4.200000000000001, 3.100000000000002], [4.300000000000001, 3.100000000000002], [4.400000000000001, 3.100000000000002], [4.500000000000002, 3.100000000000002], [4.600000000000001, 3.100000000000002], [4.700000000000001, 3.100000000000002], [4.800000000000002, 3.100000000000002], [4.900000000000002, 3.100000000000002], [5.000000000000002, 3.100000000000002], [5.100000000000001, 3.100000000000002], [5.200000000000002, 3.100000000000002], [5.3000000000000025, 3.100000000000002], [5.400000000000002, 3.100000000000002], [5.500000000000002, 3.100000000000002], [5.600000000000002, 3.100000000000002], [5.700000000000003, 3.100000000000002], [5.8000000000000025, 3.100000000000002], [5.900000000000002, 3.100000000000002], [6.000000000000003, 3.100000000000002], [6.100000000000003, 3.100000000000002], [6.200000000000003, 3.100000000000002], [6.3000000000000025, 3.100000000000002], [6.400000000000003, 3.100000000000002], [6.5000000000000036, 3.100000000000002], [6.600000000000003, 3.100000000000002], [6.700000000000003, 3.100000000000002], [6.800000000000003, 3.100000000000002], [6.900000000000004, 3.100000000000002], [7.0000000000000036, 3.100000000000002], [7.100000000000003, 3.100000000000002], [7.200000000000004, 3.100000000000002], [7.300000000000004, 3.100000000000002], [7.400000000000004, 3.100000000000002], [7.5000000000000036, 3.100000000000002], [7.600000000000004, 3.100000000000002], [7.700000000000005, 3.100000000000002], [7.800000000000004, 3.100000000000002], [7.900000000000004, 3.100000000000002], [8.000000000000004, 3.100000000000002], [8.100000000000005, 3.100000000000002], [8.200000000000005, 3.100000000000002], [8.300000000000004, 3.100000000000002], [8.400000000000006, 3.100000000000002], [8.500000000000005, 3.100000000000002], [8.600000000000005, 3.100000000000002], [8.700000000000005, 3.100000000000002], [8.800000000000004, 3.100000000000002], [3.4000000000000004, 3.200000000000002], [3.5000000000000004, 3.200000000000002], [3.6000000000000005, 3.200000000000002], [3.7000000000000006, 3.200000000000002], [3.8000000000000007, 3.200000000000002], [3.900000000000001, 3.200000000000002], [4.000000000000001, 3.200000000000002], [4.100000000000001, 3.200000000000002], [4.200000000000001, 3.200000000000002], [4.300000000000001, 3.200000000000002], [4.400000000000001, 3.200000000000002], [4.500000000000002, 3.200000000000002], [4.600000000000001, 3.200000000000002], [4.700000000000001, 3.200000000000002], [4.800000000000002, 3.200000000000002], [4.900000000000002, 3.200000000000002], [5.000000000000002, 3.200000000000002], [5.100000000000001, 3.200000000000002], [5.200000000000002, 3.200000000000002], [5.3000000000000025, 3.200000000000002], [5.400000000000002, 3.200000000000002], [5.500000000000002, 3.200000000000002], [5.600000000000002, 3.200000000000002], [5.700000000000003, 3.200000000000002], [5.8000000000000025, 3.200000000000002], [5.900000000000002, 3.200000000000002], [6.000000000000003, 3.200000000000002], [6.100000000000003, 3.200000000000002], [6.200000000000003, 3.200000000000002], [6.3000000000000025, 3.200000000000002], [6.400000000000003, 3.200000000000002], [6.5000000000000036, 3.200000000000002], [6.600000000000003, 3.200000000000002], [6.700000000000003, 3.200000000000002], [6.800000000000003, 3.200000000000002], [6.900000000000004, 3.200000000000002], [7.0000000000000036, 3.200000000000002], [7.100000000000003, 3.200000000000002], [7.200000000000004, 3.200000000000002], [7.300000000000004, 3.200000000000002], [7.400000000000004, 3.200000000000002], [7.5000000000000036, 3.200000000000002], [7.600000000000004, 3.200000000000002], [7.700000000000005, 3.200000000000002], [7.800000000000004, 3.200000000000002], [7.900000000000004, 3.200000000000002], [8.000000000000004, 3.200000000000002], [8.100000000000005, 3.200000000000002], [8.200000000000005, 3.200000000000002], [8.300000000000004, 3.200000000000002], [8.400000000000006, 3.200000000000002], [8.500000000000005, 3.200000000000002], [8.600000000000005, 3.200000000000002], [8.700000000000005, 3.200000000000002], [8.800000000000004, 3.200000000000002], [3.4000000000000004, 3.300000000000002], [3.5000000000000004, 3.300000000000002], [3.6000000000000005, 3.300000000000002], [3.7000000000000006, 3.300000000000002], [3.8000000000000007, 3.300000000000002], [3.900000000000001, 3.300000000000002], [4.000000000000001, 3.300000000000002], [4.100000000000001, 3.300000000000002], [4.200000000000001, 3.300000000000002], [4.300000000000001, 3.300000000000002], [4.400000000000001, 3.300000000000002], [4.500000000000002, 3.300000000000002], [4.600000000000001, 3.300000000000002], [4.700000000000001, 3.300000000000002], [4.800000000000002, 3.300000000000002], [4.900000000000002, 3.300000000000002], [5.000000000000002, 3.300000000000002], [5.100000000000001, 3.300000000000002], [5.200000000000002, 3.300000000000002], [5.3000000000000025, 3.300000000000002], [5.400000000000002, 3.300000000000002], [5.500000000000002, 3.300000000000002], [5.600000000000002, 3.300000000000002], [5.700000000000003, 3.300000000000002], [5.8000000000000025, 3.300000000000002], [5.900000000000002, 3.300000000000002], [6.000000000000003, 3.300000000000002], [6.100000000000003, 3.300000000000002], [6.200000000000003, 3.300000000000002], [6.3000000000000025, 3.300000000000002], [6.400000000000003, 3.300000000000002], [6.5000000000000036, 3.300000000000002], [6.600000000000003, 3.300000000000002], [6.700000000000003, 3.300000000000002], [6.800000000000003, 3.300000000000002], [6.900000000000004, 3.300000000000002], [7.0000000000000036, 3.300000000000002], [7.100000000000003, 3.300000000000002], [7.200000000000004, 3.300000000000002], [7.300000000000004, 3.300000000000002], [7.400000000000004, 3.300000000000002], [7.5000000000000036, 3.300000000000002], [7.600000000000004, 3.300000000000002], [7.700000000000005, 3.300000000000002], [7.800000000000004, 3.300000000000002], [7.900000000000004, 3.300000000000002], [8.000000000000004, 3.300000000000002], [8.100000000000005, 3.300000000000002], [8.200000000000005, 3.300000000000002], [8.300000000000004, 3.300000000000002], [8.400000000000006, 3.300000000000002], [8.500000000000005, 3.300000000000002], [8.600000000000005, 3.300000000000002], [8.700000000000005, 3.300000000000002], [8.800000000000004, 3.300000000000002], [3.4000000000000004, 3.400000000000002], [3.5000000000000004, 3.400000000000002], [3.6000000000000005, 3.400000000000002], [3.7000000000000006, 3.400000000000002], [3.8000000000000007, 3.400000000000002], [3.900000000000001, 3.400000000000002], [4.000000000000001, 3.400000000000002], [4.100000000000001, 3.400000000000002], [4.200000000000001, 3.400000000000002], [4.300000000000001, 3.400000000000002], [4.400000000000001, 3.400000000000002], [4.500000000000002, 3.400000000000002], [4.600000000000001, 3.400000000000002], [4.700000000000001, 3.400000000000002], [4.800000000000002, 3.400000000000002], [4.900000000000002, 3.400000000000002], [5.000000000000002, 3.400000000000002], [5.100000000000001, 3.400000000000002], [5.200000000000002, 3.400000000000002], [5.3000000000000025, 3.400000000000002], [5.400000000000002, 3.400000000000002], [5.500000000000002, 3.400000000000002], [5.600000000000002, 3.400000000000002], [5.700000000000003, 3.400000000000002], [5.8000000000000025, 3.400000000000002], [5.900000000000002, 3.400000000000002], [6.000000000000003, 3.400000000000002], [6.100000000000003, 3.400000000000002], [6.200000000000003, 3.400000000000002], [6.3000000000000025, 3.400000000000002], [6.400000000000003, 3.400000000000002], [6.5000000000000036, 3.400000000000002], [6.600000000000003, 3.400000000000002], [6.700000000000003, 3.400000000000002], [6.800000000000003, 3.400000000000002], [6.900000000000004, 3.400000000000002], [7.0000000000000036, 3.400000000000002], [7.100000000000003, 3.400000000000002], [7.200000000000004, 3.400000000000002], [7.300000000000004, 3.400000000000002], [7.400000000000004, 3.400000000000002], [7.5000000000000036, 3.400000000000002], [7.600000000000004, 3.400000000000002], [7.700000000000005, 3.400000000000002], [7.800000000000004, 3.400000000000002], [7.900000000000004, 3.400000000000002], [8.000000000000004, 3.400000000000002], [8.100000000000005, 3.400000000000002], [8.200000000000005, 3.400000000000002], [8.300000000000004, 3.400000000000002], [8.400000000000006, 3.400000000000002], [8.500000000000005, 3.400000000000002], [8.600000000000005, 3.400000000000002], [8.700000000000005, 3.400000000000002], [8.800000000000004, 3.400000000000002], [3.4000000000000004, 3.500000000000002], [3.5000000000000004, 3.500000000000002], [3.6000000000000005, 3.500000000000002], [3.7000000000000006, 3.500000000000002], [3.8000000000000007, 3.500000000000002], [3.900000000000001, 3.500000000000002], [4.000000000000001, 3.500000000000002], [4.100000000000001, 3.500000000000002], [4.200000000000001, 3.500000000000002], [4.300000000000001, 3.500000000000002], [4.400000000000001, 3.500000000000002], [4.500000000000002, 3.500000000000002], [4.600000000000001, 3.500000000000002], [4.700000000000001, 3.500000000000002], [4.800000000000002, 3.500000000000002], [4.900000000000002, 3.500000000000002], [5.000000000000002, 3.500000000000002], [5.100000000000001, 3.500000000000002], [5.200000000000002, 3.500000000000002], [5.3000000000000025, 3.500000000000002], [5.400000000000002, 3.500000000000002], [5.500000000000002, 3.500000000000002], [5.600000000000002, 3.500000000000002], [5.700000000000003, 3.500000000000002], [5.8000000000000025, 3.500000000000002], [5.900000000000002, 3.500000000000002], [6.000000000000003, 3.500000000000002], [6.100000000000003, 3.500000000000002], [6.200000000000003, 3.500000000000002], [6.3000000000000025, 3.500000000000002], [6.400000000000003, 3.500000000000002], [6.5000000000000036, 3.500000000000002], [6.600000000000003, 3.500000000000002], [6.700000000000003, 3.500000000000002], [6.800000000000003, 3.500000000000002], [6.900000000000004, 3.500000000000002], [7.0000000000000036, 3.500000000000002], [7.100000000000003, 3.500000000000002], [7.200000000000004, 3.500000000000002], [7.300000000000004, 3.500000000000002], [7.400000000000004, 3.500000000000002], [7.5000000000000036, 3.500000000000002], [7.600000000000004, 3.500000000000002], [7.700000000000005, 3.500000000000002], [7.800000000000004, 3.500000000000002], [7.900000000000004, 3.500000000000002], [8.000000000000004, 3.500000000000002], [8.100000000000005, 3.500000000000002], [8.200000000000005, 3.500000000000002], [8.300000000000004, 3.500000000000002], [8.400000000000006, 3.500000000000002], [8.500000000000005, 3.500000000000002], [8.600000000000005, 3.500000000000002], [8.700000000000005, 3.500000000000002], [8.800000000000004, 3.500000000000002], [3.4000000000000004, 3.6000000000000023], [3.5000000000000004, 3.6000000000000023], [3.6000000000000005, 3.6000000000000023], [3.7000000000000006, 3.6000000000000023], [3.8000000000000007, 3.6000000000000023], [3.900000000000001, 3.6000000000000023], [4.000000000000001, 3.6000000000000023], [4.100000000000001, 3.6000000000000023], [4.200000000000001, 3.6000000000000023], [4.300000000000001, 3.6000000000000023], [4.400000000000001, 3.6000000000000023], [4.500000000000002, 3.6000000000000023], [4.600000000000001, 3.6000000000000023], [4.700000000000001, 3.6000000000000023], [4.800000000000002, 3.6000000000000023], [4.900000000000002, 3.6000000000000023], [5.000000000000002, 3.6000000000000023], [5.100000000000001, 3.6000000000000023], [5.200000000000002, 3.6000000000000023], [5.3000000000000025, 3.6000000000000023], [5.400000000000002, 3.6000000000000023], [5.500000000000002, 3.6000000000000023], [5.600000000000002, 3.6000000000000023], [5.700000000000003, 3.6000000000000023], [5.8000000000000025, 3.6000000000000023], [5.900000000000002, 3.6000000000000023], [6.000000000000003, 3.6000000000000023], [6.100000000000003, 3.6000000000000023], [6.200000000000003, 3.6000000000000023], [6.3000000000000025, 3.6000000000000023], [6.400000000000003, 3.6000000000000023], [6.5000000000000036, 3.6000000000000023], [6.600000000000003, 3.6000000000000023], [6.700000000000003, 3.6000000000000023], [6.800000000000003, 3.6000000000000023], [6.900000000000004, 3.6000000000000023], [7.0000000000000036, 3.6000000000000023], [7.100000000000003, 3.6000000000000023], [7.200000000000004, 3.6000000000000023], [7.300000000000004, 3.6000000000000023], [7.400000000000004, 3.6000000000000023], [7.5000000000000036, 3.6000000000000023], [7.600000000000004, 3.6000000000000023], [7.700000000000005, 3.6000000000000023], [7.800000000000004, 3.6000000000000023], [7.900000000000004, 3.6000000000000023], [8.000000000000004, 3.6000000000000023], [8.100000000000005, 3.6000000000000023], [8.200000000000005, 3.6000000000000023], [8.300000000000004, 3.6000000000000023], [8.400000000000006, 3.6000000000000023], [8.500000000000005, 3.6000000000000023], [8.600000000000005, 3.6000000000000023], [8.700000000000005, 3.6000000000000023], [8.800000000000004, 3.6000000000000023], [3.4000000000000004, 3.7000000000000024], [3.5000000000000004, 3.7000000000000024], [3.6000000000000005, 3.7000000000000024], [3.7000000000000006, 3.7000000000000024], [3.8000000000000007, 3.7000000000000024], [3.900000000000001, 3.7000000000000024], [4.000000000000001, 3.7000000000000024], [4.100000000000001, 3.7000000000000024], [4.200000000000001, 3.7000000000000024], [4.300000000000001, 3.7000000000000024], [4.400000000000001, 3.7000000000000024], [4.500000000000002, 3.7000000000000024], [4.600000000000001, 3.7000000000000024], [4.700000000000001, 3.7000000000000024], [4.800000000000002, 3.7000000000000024], [4.900000000000002, 3.7000000000000024], [5.000000000000002, 3.7000000000000024], [5.100000000000001, 3.7000000000000024], [5.200000000000002, 3.7000000000000024], [5.3000000000000025, 3.7000000000000024], [5.400000000000002, 3.7000000000000024], [5.500000000000002, 3.7000000000000024], [5.600000000000002, 3.7000000000000024], [5.700000000000003, 3.7000000000000024], [5.8000000000000025, 3.7000000000000024], [5.900000000000002, 3.7000000000000024], [6.000000000000003, 3.7000000000000024], [6.100000000000003, 3.7000000000000024], [6.200000000000003, 3.7000000000000024], [6.3000000000000025, 3.7000000000000024], [6.400000000000003, 3.7000000000000024], [6.5000000000000036, 3.7000000000000024], [6.600000000000003, 3.7000000000000024], [6.700000000000003, 3.7000000000000024], [6.800000000000003, 3.7000000000000024], [6.900000000000004, 3.7000000000000024], [7.0000000000000036, 3.7000000000000024], [7.100000000000003, 3.7000000000000024], [7.200000000000004, 3.7000000000000024], [7.300000000000004, 3.7000000000000024], [7.400000000000004, 3.7000000000000024], [7.5000000000000036, 3.7000000000000024], [7.600000000000004, 3.7000000000000024], [7.700000000000005, 3.7000000000000024], [7.800000000000004, 3.7000000000000024], [7.900000000000004, 3.7000000000000024], [8.000000000000004, 3.7000000000000024], [8.100000000000005, 3.7000000000000024], [8.200000000000005, 3.7000000000000024], [8.300000000000004, 3.7000000000000024], [8.400000000000006, 3.7000000000000024], [8.500000000000005, 3.7000000000000024], [8.600000000000005, 3.7000000000000024], [8.700000000000005, 3.7000000000000024], [8.800000000000004, 3.7000000000000024], [3.4000000000000004, 3.8000000000000025], [3.5000000000000004, 3.8000000000000025], [3.6000000000000005, 3.8000000000000025], [3.7000000000000006, 3.8000000000000025], [3.8000000000000007, 3.8000000000000025], [3.900000000000001, 3.8000000000000025], [4.000000000000001, 3.8000000000000025], [4.100000000000001, 3.8000000000000025], [4.200000000000001, 3.8000000000000025], [4.300000000000001, 3.8000000000000025], [4.400000000000001, 3.8000000000000025], [4.500000000000002, 3.8000000000000025], [4.600000000000001, 3.8000000000000025], [4.700000000000001, 3.8000000000000025], [4.800000000000002, 3.8000000000000025], [4.900000000000002, 3.8000000000000025], [5.000000000000002, 3.8000000000000025], [5.100000000000001, 3.8000000000000025], [5.200000000000002, 3.8000000000000025], [5.3000000000000025, 3.8000000000000025], [5.400000000000002, 3.8000000000000025], [5.500000000000002, 3.8000000000000025], [5.600000000000002, 3.8000000000000025], [5.700000000000003, 3.8000000000000025], [5.8000000000000025, 3.8000000000000025], [5.900000000000002, 3.8000000000000025], [6.000000000000003, 3.8000000000000025], [6.100000000000003, 3.8000000000000025], [6.200000000000003, 3.8000000000000025], [6.3000000000000025, 3.8000000000000025], [6.400000000000003, 3.8000000000000025], [6.5000000000000036, 3.8000000000000025], [6.600000000000003, 3.8000000000000025], [6.700000000000003, 3.8000000000000025], [6.800000000000003, 3.8000000000000025], [6.900000000000004, 3.8000000000000025], [7.0000000000000036, 3.8000000000000025], [7.100000000000003, 3.8000000000000025], [7.200000000000004, 3.8000000000000025], [7.300000000000004, 3.8000000000000025], [7.400000000000004, 3.8000000000000025], [7.5000000000000036, 3.8000000000000025], [7.600000000000004, 3.8000000000000025], [7.700000000000005, 3.8000000000000025], [7.800000000000004, 3.8000000000000025], [7.900000000000004, 3.8000000000000025], [8.000000000000004, 3.8000000000000025], [8.100000000000005, 3.8000000000000025], [8.200000000000005, 3.8000000000000025], [8.300000000000004, 3.8000000000000025], [8.400000000000006, 3.8000000000000025], [8.500000000000005, 3.8000000000000025], [8.600000000000005, 3.8000000000000025], [8.700000000000005, 3.8000000000000025], [8.800000000000004, 3.8000000000000025], [3.4000000000000004, 3.9000000000000026], [3.5000000000000004, 3.9000000000000026], [3.6000000000000005, 3.9000000000000026], [3.7000000000000006, 3.9000000000000026], [3.8000000000000007, 3.9000000000000026], [3.900000000000001, 3.9000000000000026], [4.000000000000001, 3.9000000000000026], [4.100000000000001, 3.9000000000000026], [4.200000000000001, 3.9000000000000026], [4.300000000000001, 3.9000000000000026], [4.400000000000001, 3.9000000000000026], [4.500000000000002, 3.9000000000000026], [4.600000000000001, 3.9000000000000026], [4.700000000000001, 3.9000000000000026], [4.800000000000002, 3.9000000000000026], [4.900000000000002, 3.9000000000000026], [5.000000000000002, 3.9000000000000026], [5.100000000000001, 3.9000000000000026], [5.200000000000002, 3.9000000000000026], [5.3000000000000025, 3.9000000000000026], [5.400000000000002, 3.9000000000000026], [5.500000000000002, 3.9000000000000026], [5.600000000000002, 3.9000000000000026], [5.700000000000003, 3.9000000000000026], [5.8000000000000025, 3.9000000000000026], [5.900000000000002, 3.9000000000000026], [6.000000000000003, 3.9000000000000026], [6.100000000000003, 3.9000000000000026], [6.200000000000003, 3.9000000000000026], [6.3000000000000025, 3.9000000000000026], [6.400000000000003, 3.9000000000000026], [6.5000000000000036, 3.9000000000000026], [6.600000000000003, 3.9000000000000026], [6.700000000000003, 3.9000000000000026], [6.800000000000003, 3.9000000000000026], [6.900000000000004, 3.9000000000000026], [7.0000000000000036, 3.9000000000000026], [7.100000000000003, 3.9000000000000026], [7.200000000000004, 3.9000000000000026], [7.300000000000004, 3.9000000000000026], [7.400000000000004, 3.9000000000000026], [7.5000000000000036, 3.9000000000000026], [7.600000000000004, 3.9000000000000026], [7.700000000000005, 3.9000000000000026], [7.800000000000004, 3.9000000000000026], [7.900000000000004, 3.9000000000000026], [8.000000000000004, 3.9000000000000026], [8.100000000000005, 3.9000000000000026], [8.200000000000005, 3.9000000000000026], [8.300000000000004, 3.9000000000000026], [8.400000000000006, 3.9000000000000026], [8.500000000000005, 3.9000000000000026], [8.600000000000005, 3.9000000000000026], [8.700000000000005, 3.9000000000000026], [8.800000000000004, 3.9000000000000026], [3.4000000000000004, 4.000000000000003], [3.5000000000000004, 4.000000000000003], [3.6000000000000005, 4.000000000000003], [3.7000000000000006, 4.000000000000003], [3.8000000000000007, 4.000000000000003], [3.900000000000001, 4.000000000000003], [4.000000000000001, 4.000000000000003], [4.100000000000001, 4.000000000000003], [4.200000000000001, 4.000000000000003], [4.300000000000001, 4.000000000000003], [4.400000000000001, 4.000000000000003], [4.500000000000002, 4.000000000000003], [4.600000000000001, 4.000000000000003], [4.700000000000001, 4.000000000000003], [4.800000000000002, 4.000000000000003], [4.900000000000002, 4.000000000000003], [5.000000000000002, 4.000000000000003], [5.100000000000001, 4.000000000000003], [5.200000000000002, 4.000000000000003], [5.3000000000000025, 4.000000000000003], [5.400000000000002, 4.000000000000003], [5.500000000000002, 4.000000000000003], [5.600000000000002, 4.000000000000003], [5.700000000000003, 4.000000000000003], [5.8000000000000025, 4.000000000000003], [5.900000000000002, 4.000000000000003], [6.000000000000003, 4.000000000000003], [6.100000000000003, 4.000000000000003], [6.200000000000003, 4.000000000000003], [6.3000000000000025, 4.000000000000003], [6.400000000000003, 4.000000000000003], [6.5000000000000036, 4.000000000000003], [6.600000000000003, 4.000000000000003], [6.700000000000003, 4.000000000000003], [6.800000000000003, 4.000000000000003], [6.900000000000004, 4.000000000000003], [7.0000000000000036, 4.000000000000003], [7.100000000000003, 4.000000000000003], [7.200000000000004, 4.000000000000003], [7.300000000000004, 4.000000000000003], [7.400000000000004, 4.000000000000003], [7.5000000000000036, 4.000000000000003], [7.600000000000004, 4.000000000000003], [7.700000000000005, 4.000000000000003], [7.800000000000004, 4.000000000000003], [7.900000000000004, 4.000000000000003], [8.000000000000004, 4.000000000000003], [8.100000000000005, 4.000000000000003], [8.200000000000005, 4.000000000000003], [8.300000000000004, 4.000000000000003], [8.400000000000006, 4.000000000000003], [8.500000000000005, 4.000000000000003], [8.600000000000005, 4.000000000000003], [8.700000000000005, 4.000000000000003], [8.800000000000004, 4.000000000000003], [3.4000000000000004, 4.100000000000003], [3.5000000000000004, 4.100000000000003], [3.6000000000000005, 4.100000000000003], [3.7000000000000006, 4.100000000000003], [3.8000000000000007, 4.100000000000003], [3.900000000000001, 4.100000000000003], [4.000000000000001, 4.100000000000003], [4.100000000000001, 4.100000000000003], [4.200000000000001, 4.100000000000003], [4.300000000000001, 4.100000000000003], [4.400000000000001, 4.100000000000003], [4.500000000000002, 4.100000000000003], [4.600000000000001, 4.100000000000003], [4.700000000000001, 4.100000000000003], [4.800000000000002, 4.100000000000003], [4.900000000000002, 4.100000000000003], [5.000000000000002, 4.100000000000003], [5.100000000000001, 4.100000000000003], [5.200000000000002, 4.100000000000003], [5.3000000000000025, 4.100000000000003], [5.400000000000002, 4.100000000000003], [5.500000000000002, 4.100000000000003], [5.600000000000002, 4.100000000000003], [5.700000000000003, 4.100000000000003], [5.8000000000000025, 4.100000000000003], [5.900000000000002, 4.100000000000003], [6.000000000000003, 4.100000000000003], [6.100000000000003, 4.100000000000003], [6.200000000000003, 4.100000000000003], [6.3000000000000025, 4.100000000000003], [6.400000000000003, 4.100000000000003], [6.5000000000000036, 4.100000000000003], [6.600000000000003, 4.100000000000003], [6.700000000000003, 4.100000000000003], [6.800000000000003, 4.100000000000003], [6.900000000000004, 4.100000000000003], [7.0000000000000036, 4.100000000000003], [7.100000000000003, 4.100000000000003], [7.200000000000004, 4.100000000000003], [7.300000000000004, 4.100000000000003], [7.400000000000004, 4.100000000000003], [7.5000000000000036, 4.100000000000003], [7.600000000000004, 4.100000000000003], [7.700000000000005, 4.100000000000003], [7.800000000000004, 4.100000000000003], [7.900000000000004, 4.100000000000003], [8.000000000000004, 4.100000000000003], [8.100000000000005, 4.100000000000003], [8.200000000000005, 4.100000000000003], [8.300000000000004, 4.100000000000003], [8.400000000000006, 4.100000000000003], [8.500000000000005, 4.100000000000003], [8.600000000000005, 4.100000000000003], [8.700000000000005, 4.100000000000003], [8.800000000000004, 4.100000000000003], [3.4000000000000004, 4.200000000000003], [3.5000000000000004, 4.200000000000003], [3.6000000000000005, 4.200000000000003], [3.7000000000000006, 4.200000000000003], [3.8000000000000007, 4.200000000000003], [3.900000000000001, 4.200000000000003], [4.000000000000001, 4.200000000000003], [4.100000000000001, 4.200000000000003], [4.200000000000001, 4.200000000000003], [4.300000000000001, 4.200000000000003], [4.400000000000001, 4.200000000000003], [4.500000000000002, 4.200000000000003], [4.600000000000001, 4.200000000000003], [4.700000000000001, 4.200000000000003], [4.800000000000002, 4.200000000000003], [4.900000000000002, 4.200000000000003], [5.000000000000002, 4.200000000000003], [5.100000000000001, 4.200000000000003], [5.200000000000002, 4.200000000000003], [5.3000000000000025, 4.200000000000003], [5.400000000000002, 4.200000000000003], [5.500000000000002, 4.200000000000003], [5.600000000000002, 4.200000000000003], [5.700000000000003, 4.200000000000003], [5.8000000000000025, 4.200000000000003], [5.900000000000002, 4.200000000000003], [6.000000000000003, 4.200000000000003], [6.100000000000003, 4.200000000000003], [6.200000000000003, 4.200000000000003], [6.3000000000000025, 4.200000000000003], [6.400000000000003, 4.200000000000003], [6.5000000000000036, 4.200000000000003], [6.600000000000003, 4.200000000000003], [6.700000000000003, 4.200000000000003], [6.800000000000003, 4.200000000000003], [6.900000000000004, 4.200000000000003], [7.0000000000000036, 4.200000000000003], [7.100000000000003, 4.200000000000003], [7.200000000000004, 4.200000000000003], [7.300000000000004, 4.200000000000003], [7.400000000000004, 4.200000000000003], [7.5000000000000036, 4.200000000000003], [7.600000000000004, 4.200000000000003], [7.700000000000005, 4.200000000000003], [7.800000000000004, 4.200000000000003], [7.900000000000004, 4.200000000000003], [8.000000000000004, 4.200000000000003], [8.100000000000005, 4.200000000000003], [8.200000000000005, 4.200000000000003], [8.300000000000004, 4.200000000000003], [8.400000000000006, 4.200000000000003], [8.500000000000005, 4.200000000000003], [8.600000000000005, 4.200000000000003], [8.700000000000005, 4.200000000000003], [8.800000000000004, 4.200000000000003], [3.4000000000000004, 4.3000000000000025], [3.5000000000000004, 4.3000000000000025], [3.6000000000000005, 4.3000000000000025], [3.7000000000000006, 4.3000000000000025], [3.8000000000000007, 4.3000000000000025], [3.900000000000001, 4.3000000000000025], [4.000000000000001, 4.3000000000000025], [4.100000000000001, 4.3000000000000025], [4.200000000000001, 4.3000000000000025], [4.300000000000001, 4.3000000000000025], [4.400000000000001, 4.3000000000000025], [4.500000000000002, 4.3000000000000025], [4.600000000000001, 4.3000000000000025], [4.700000000000001, 4.3000000000000025], [4.800000000000002, 4.3000000000000025], [4.900000000000002, 4.3000000000000025], [5.000000000000002, 4.3000000000000025], [5.100000000000001, 4.3000000000000025], [5.200000000000002, 4.3000000000000025], [5.3000000000000025, 4.3000000000000025], [5.400000000000002, 4.3000000000000025], [5.500000000000002, 4.3000000000000025], [5.600000000000002, 4.3000000000000025], [5.700000000000003, 4.3000000000000025], [5.8000000000000025, 4.3000000000000025], [5.900000000000002, 4.3000000000000025], [6.000000000000003, 4.3000000000000025], [6.100000000000003, 4.3000000000000025], [6.200000000000003, 4.3000000000000025], [6.3000000000000025, 4.3000000000000025], [6.400000000000003, 4.3000000000000025], [6.5000000000000036, 4.3000000000000025], [6.600000000000003, 4.3000000000000025], [6.700000000000003, 4.3000000000000025], [6.800000000000003, 4.3000000000000025], [6.900000000000004, 4.3000000000000025], [7.0000000000000036, 4.3000000000000025], [7.100000000000003, 4.3000000000000025], [7.200000000000004, 4.3000000000000025], [7.300000000000004, 4.3000000000000025], [7.400000000000004, 4.3000000000000025], [7.5000000000000036, 4.3000000000000025], [7.600000000000004, 4.3000000000000025], [7.700000000000005, 4.3000000000000025], [7.800000000000004, 4.3000000000000025], [7.900000000000004, 4.3000000000000025], [8.000000000000004, 4.3000000000000025], [8.100000000000005, 4.3000000000000025], [8.200000000000005, 4.3000000000000025], [8.300000000000004, 4.3000000000000025], [8.400000000000006, 4.3000000000000025], [8.500000000000005, 4.3000000000000025], [8.600000000000005, 4.3000000000000025], [8.700000000000005, 4.3000000000000025], [8.800000000000004, 4.3000000000000025], [3.4000000000000004, 4.400000000000003], [3.5000000000000004, 4.400000000000003], [3.6000000000000005, 4.400000000000003], [3.7000000000000006, 4.400000000000003], [3.8000000000000007, 4.400000000000003], [3.900000000000001, 4.400000000000003], [4.000000000000001, 4.400000000000003], [4.100000000000001, 4.400000000000003], [4.200000000000001, 4.400000000000003], [4.300000000000001, 4.400000000000003], [4.400000000000001, 4.400000000000003], [4.500000000000002, 4.400000000000003], [4.600000000000001, 4.400000000000003], [4.700000000000001, 4.400000000000003], [4.800000000000002, 4.400000000000003], [4.900000000000002, 4.400000000000003], [5.000000000000002, 4.400000000000003], [5.100000000000001, 4.400000000000003], [5.200000000000002, 4.400000000000003], [5.3000000000000025, 4.400000000000003], [5.400000000000002, 4.400000000000003], [5.500000000000002, 4.400000000000003], [5.600000000000002, 4.400000000000003], [5.700000000000003, 4.400000000000003], [5.8000000000000025, 4.400000000000003], [5.900000000000002, 4.400000000000003], [6.000000000000003, 4.400000000000003], [6.100000000000003, 4.400000000000003], [6.200000000000003, 4.400000000000003], [6.3000000000000025, 4.400000000000003], [6.400000000000003, 4.400000000000003], [6.5000000000000036, 4.400000000000003], [6.600000000000003, 4.400000000000003], [6.700000000000003, 4.400000000000003], [6.800000000000003, 4.400000000000003], [6.900000000000004, 4.400000000000003], [7.0000000000000036, 4.400000000000003], [7.100000000000003, 4.400000000000003], [7.200000000000004, 4.400000000000003], [7.300000000000004, 4.400000000000003], [7.400000000000004, 4.400000000000003], [7.5000000000000036, 4.400000000000003], [7.600000000000004, 4.400000000000003], [7.700000000000005, 4.400000000000003], [7.800000000000004, 4.400000000000003], [7.900000000000004, 4.400000000000003], [8.000000000000004, 4.400000000000003], [8.100000000000005, 4.400000000000003], [8.200000000000005, 4.400000000000003], [8.300000000000004, 4.400000000000003], [8.400000000000006, 4.400000000000003], [8.500000000000005, 4.400000000000003], [8.600000000000005, 4.400000000000003], [8.700000000000005, 4.400000000000003], [8.800000000000004, 4.400000000000003], [3.4000000000000004, 4.5000000000000036], [3.5000000000000004, 4.5000000000000036], [3.6000000000000005, 4.5000000000000036], [3.7000000000000006, 4.5000000000000036], [3.8000000000000007, 4.5000000000000036], [3.900000000000001, 4.5000000000000036], [4.000000000000001, 4.5000000000000036], [4.100000000000001, 4.5000000000000036], [4.200000000000001, 4.5000000000000036], [4.300000000000001, 4.5000000000000036], [4.400000000000001, 4.5000000000000036], [4.500000000000002, 4.5000000000000036], [4.600000000000001, 4.5000000000000036], [4.700000000000001, 4.5000000000000036], [4.800000000000002, 4.5000000000000036], [4.900000000000002, 4.5000000000000036], [5.000000000000002, 4.5000000000000036], [5.100000000000001, 4.5000000000000036], [5.200000000000002, 4.5000000000000036], [5.3000000000000025, 4.5000000000000036], [5.400000000000002, 4.5000000000000036], [5.500000000000002, 4.5000000000000036], [5.600000000000002, 4.5000000000000036], [5.700000000000003, 4.5000000000000036], [5.8000000000000025, 4.5000000000000036], [5.900000000000002, 4.5000000000000036], [6.000000000000003, 4.5000000000000036], [6.100000000000003, 4.5000000000000036], [6.200000000000003, 4.5000000000000036], [6.3000000000000025, 4.5000000000000036], [6.400000000000003, 4.5000000000000036], [6.5000000000000036, 4.5000000000000036], [6.600000000000003, 4.5000000000000036], [6.700000000000003, 4.5000000000000036], [6.800000000000003, 4.5000000000000036], [6.900000000000004, 4.5000000000000036], [7.0000000000000036, 4.5000000000000036], [7.100000000000003, 4.5000000000000036], [7.200000000000004, 4.5000000000000036], [7.300000000000004, 4.5000000000000036], [7.400000000000004, 4.5000000000000036], [7.5000000000000036, 4.5000000000000036], [7.600000000000004, 4.5000000000000036], [7.700000000000005, 4.5000000000000036], [7.800000000000004, 4.5000000000000036], [7.900000000000004, 4.5000000000000036], [8.000000000000004, 4.5000000000000036], [8.100000000000005, 4.5000000000000036], [8.200000000000005, 4.5000000000000036], [8.300000000000004, 4.5000000000000036], [8.400000000000006, 4.5000000000000036], [8.500000000000005, 4.5000000000000036], [8.600000000000005, 4.5000000000000036], [8.700000000000005, 4.5000000000000036], [8.800000000000004, 4.5000000000000036], [3.4000000000000004, 4.600000000000003], [3.5000000000000004, 4.600000000000003], [3.6000000000000005, 4.600000000000003], [3.7000000000000006, 4.600000000000003], [3.8000000000000007, 4.600000000000003], [3.900000000000001, 4.600000000000003], [4.000000000000001, 4.600000000000003], [4.100000000000001, 4.600000000000003], [4.200000000000001, 4.600000000000003], [4.300000000000001, 4.600000000000003], [4.400000000000001, 4.600000000000003], [4.500000000000002, 4.600000000000003], [4.600000000000001, 4.600000000000003], [4.700000000000001, 4.600000000000003], [4.800000000000002, 4.600000000000003], [4.900000000000002, 4.600000000000003], [5.000000000000002, 4.600000000000003], [5.100000000000001, 4.600000000000003], [5.200000000000002, 4.600000000000003], [5.3000000000000025, 4.600000000000003], [5.400000000000002, 4.600000000000003], [5.500000000000002, 4.600000000000003], [5.600000000000002, 4.600000000000003], [5.700000000000003, 4.600000000000003], [5.8000000000000025, 4.600000000000003], [5.900000000000002, 4.600000000000003], [6.000000000000003, 4.600000000000003], [6.100000000000003, 4.600000000000003], [6.200000000000003, 4.600000000000003], [6.3000000000000025, 4.600000000000003], [6.400000000000003, 4.600000000000003], [6.5000000000000036, 4.600000000000003], [6.600000000000003, 4.600000000000003], [6.700000000000003, 4.600000000000003], [6.800000000000003, 4.600000000000003], [6.900000000000004, 4.600000000000003], [7.0000000000000036, 4.600000000000003], [7.100000000000003, 4.600000000000003], [7.200000000000004, 4.600000000000003], [7.300000000000004, 4.600000000000003], [7.400000000000004, 4.600000000000003], [7.5000000000000036, 4.600000000000003], [7.600000000000004, 4.600000000000003], [7.700000000000005, 4.600000000000003], [7.800000000000004, 4.600000000000003], [7.900000000000004, 4.600000000000003], [8.000000000000004, 4.600000000000003], [8.100000000000005, 4.600000000000003], [8.200000000000005, 4.600000000000003], [8.300000000000004, 4.600000000000003], [8.400000000000006, 4.600000000000003], [8.500000000000005, 4.600000000000003], [8.600000000000005, 4.600000000000003], [8.700000000000005, 4.600000000000003], [8.800000000000004, 4.600000000000003], [3.4000000000000004, 4.700000000000003], [3.5000000000000004, 4.700000000000003], [3.6000000000000005, 4.700000000000003], [3.7000000000000006, 4.700000000000003], [3.8000000000000007, 4.700000000000003], [3.900000000000001, 4.700000000000003], [4.000000000000001, 4.700000000000003], [4.100000000000001, 4.700000000000003], [4.200000000000001, 4.700000000000003], [4.300000000000001, 4.700000000000003], [4.400000000000001, 4.700000000000003], [4.500000000000002, 4.700000000000003], [4.600000000000001, 4.700000000000003], [4.700000000000001, 4.700000000000003], [4.800000000000002, 4.700000000000003], [4.900000000000002, 4.700000000000003], [5.000000000000002, 4.700000000000003], [5.100000000000001, 4.700000000000003], [5.200000000000002, 4.700000000000003], [5.3000000000000025, 4.700000000000003], [5.400000000000002, 4.700000000000003], [5.500000000000002, 4.700000000000003], [5.600000000000002, 4.700000000000003], [5.700000000000003, 4.700000000000003], [5.8000000000000025, 4.700000000000003], [5.900000000000002, 4.700000000000003], [6.000000000000003, 4.700000000000003], [6.100000000000003, 4.700000000000003], [6.200000000000003, 4.700000000000003], [6.3000000000000025, 4.700000000000003], [6.400000000000003, 4.700000000000003], [6.5000000000000036, 4.700000000000003], [6.600000000000003, 4.700000000000003], [6.700000000000003, 4.700000000000003], [6.800000000000003, 4.700000000000003], [6.900000000000004, 4.700000000000003], [7.0000000000000036, 4.700000000000003], [7.100000000000003, 4.700000000000003], [7.200000000000004, 4.700000000000003], [7.300000000000004, 4.700000000000003], [7.400000000000004, 4.700000000000003], [7.5000000000000036, 4.700000000000003], [7.600000000000004, 4.700000000000003], [7.700000000000005, 4.700000000000003], [7.800000000000004, 4.700000000000003], [7.900000000000004, 4.700000000000003], [8.000000000000004, 4.700000000000003], [8.100000000000005, 4.700000000000003], [8.200000000000005, 4.700000000000003], [8.300000000000004, 4.700000000000003], [8.400000000000006, 4.700000000000003], [8.500000000000005, 4.700000000000003], [8.600000000000005, 4.700000000000003], [8.700000000000005, 4.700000000000003], [8.800000000000004, 4.700000000000003], [3.4000000000000004, 4.800000000000003], [3.5000000000000004, 4.800000000000003], [3.6000000000000005, 4.800000000000003], [3.7000000000000006, 4.800000000000003], [3.8000000000000007, 4.800000000000003], [3.900000000000001, 4.800000000000003], [4.000000000000001, 4.800000000000003], [4.100000000000001, 4.800000000000003], [4.200000000000001, 4.800000000000003], [4.300000000000001, 4.800000000000003], [4.400000000000001, 4.800000000000003], [4.500000000000002, 4.800000000000003], [4.600000000000001, 4.800000000000003], [4.700000000000001, 4.800000000000003], [4.800000000000002, 4.800000000000003], [4.900000000000002, 4.800000000000003], [5.000000000000002, 4.800000000000003], [5.100000000000001, 4.800000000000003], [5.200000000000002, 4.800000000000003], [5.3000000000000025, 4.800000000000003], [5.400000000000002, 4.800000000000003], [5.500000000000002, 4.800000000000003], [5.600000000000002, 4.800000000000003], [5.700000000000003, 4.800000000000003], [5.8000000000000025, 4.800000000000003], [5.900000000000002, 4.800000000000003], [6.000000000000003, 4.800000000000003], [6.100000000000003, 4.800000000000003], [6.200000000000003, 4.800000000000003], [6.3000000000000025, 4.800000000000003], [6.400000000000003, 4.800000000000003], [6.5000000000000036, 4.800000000000003], [6.600000000000003, 4.800000000000003], [6.700000000000003, 4.800000000000003], [6.800000000000003, 4.800000000000003], [6.900000000000004, 4.800000000000003], [7.0000000000000036, 4.800000000000003], [7.100000000000003, 4.800000000000003], [7.200000000000004, 4.800000000000003], [7.300000000000004, 4.800000000000003], [7.400000000000004, 4.800000000000003], [7.5000000000000036, 4.800000000000003], [7.600000000000004, 4.800000000000003], [7.700000000000005, 4.800000000000003], [7.800000000000004, 4.800000000000003], [7.900000000000004, 4.800000000000003], [8.000000000000004, 4.800000000000003], [8.100000000000005, 4.800000000000003], [8.200000000000005, 4.800000000000003], [8.300000000000004, 4.800000000000003], [8.400000000000006, 4.800000000000003], [8.500000000000005, 4.800000000000003], [8.600000000000005, 4.800000000000003], [8.700000000000005, 4.800000000000003], [8.800000000000004, 4.800000000000003], [3.4000000000000004, 4.900000000000004], [3.5000000000000004, 4.900000000000004], [3.6000000000000005, 4.900000000000004], [3.7000000000000006, 4.900000000000004], [3.8000000000000007, 4.900000000000004], [3.900000000000001, 4.900000000000004], [4.000000000000001, 4.900000000000004], [4.100000000000001, 4.900000000000004], [4.200000000000001, 4.900000000000004], [4.300000000000001, 4.900000000000004], [4.400000000000001, 4.900000000000004], [4.500000000000002, 4.900000000000004], [4.600000000000001, 4.900000000000004], [4.700000000000001, 4.900000000000004], [4.800000000000002, 4.900000000000004], [4.900000000000002, 4.900000000000004], [5.000000000000002, 4.900000000000004], [5.100000000000001, 4.900000000000004], [5.200000000000002, 4.900000000000004], [5.3000000000000025, 4.900000000000004], [5.400000000000002, 4.900000000000004], [5.500000000000002, 4.900000000000004], [5.600000000000002, 4.900000000000004], [5.700000000000003, 4.900000000000004], [5.8000000000000025, 4.900000000000004], [5.900000000000002, 4.900000000000004], [6.000000000000003, 4.900000000000004], [6.100000000000003, 4.900000000000004], [6.200000000000003, 4.900000000000004], [6.3000000000000025, 4.900000000000004], [6.400000000000003, 4.900000000000004], [6.5000000000000036, 4.900000000000004], [6.600000000000003, 4.900000000000004], [6.700000000000003, 4.900000000000004], [6.800000000000003, 4.900000000000004], [6.900000000000004, 4.900000000000004], [7.0000000000000036, 4.900000000000004], [7.100000000000003, 4.900000000000004], [7.200000000000004, 4.900000000000004], [7.300000000000004, 4.900000000000004], [7.400000000000004, 4.900000000000004], [7.5000000000000036, 4.900000000000004], [7.600000000000004, 4.900000000000004], [7.700000000000005, 4.900000000000004], [7.800000000000004, 4.900000000000004], [7.900000000000004, 4.900000000000004], [8.000000000000004, 4.900000000000004], [8.100000000000005, 4.900000000000004], [8.200000000000005, 4.900000000000004], [8.300000000000004, 4.900000000000004], [8.400000000000006, 4.900000000000004], [8.500000000000005, 4.900000000000004], [8.600000000000005, 4.900000000000004], [8.700000000000005, 4.900000000000004], [8.800000000000004, 4.900000000000004], [3.4000000000000004, 5.0000000000000036], [3.5000000000000004, 5.0000000000000036], [3.6000000000000005, 5.0000000000000036], [3.7000000000000006, 5.0000000000000036], [3.8000000000000007, 5.0000000000000036], [3.900000000000001, 5.0000000000000036], [4.000000000000001, 5.0000000000000036], [4.100000000000001, 5.0000000000000036], [4.200000000000001, 5.0000000000000036], [4.300000000000001, 5.0000000000000036], [4.400000000000001, 5.0000000000000036], [4.500000000000002, 5.0000000000000036], [4.600000000000001, 5.0000000000000036], [4.700000000000001, 5.0000000000000036], [4.800000000000002, 5.0000000000000036], [4.900000000000002, 5.0000000000000036], [5.000000000000002, 5.0000000000000036], [5.100000000000001, 5.0000000000000036], [5.200000000000002, 5.0000000000000036], [5.3000000000000025, 5.0000000000000036], [5.400000000000002, 5.0000000000000036], [5.500000000000002, 5.0000000000000036], [5.600000000000002, 5.0000000000000036], [5.700000000000003, 5.0000000000000036], [5.8000000000000025, 5.0000000000000036], [5.900000000000002, 5.0000000000000036], [6.000000000000003, 5.0000000000000036], [6.100000000000003, 5.0000000000000036], [6.200000000000003, 5.0000000000000036], [6.3000000000000025, 5.0000000000000036], [6.400000000000003, 5.0000000000000036], [6.5000000000000036, 5.0000000000000036], [6.600000000000003, 5.0000000000000036], [6.700000000000003, 5.0000000000000036], [6.800000000000003, 5.0000000000000036], [6.900000000000004, 5.0000000000000036], [7.0000000000000036, 5.0000000000000036], [7.100000000000003, 5.0000000000000036], [7.200000000000004, 5.0000000000000036], [7.300000000000004, 5.0000000000000036], [7.400000000000004, 5.0000000000000036], [7.5000000000000036, 5.0000000000000036], [7.600000000000004, 5.0000000000000036], [7.700000000000005, 5.0000000000000036], [7.800000000000004, 5.0000000000000036], [7.900000000000004, 5.0000000000000036], [8.000000000000004, 5.0000000000000036], [8.100000000000005, 5.0000000000000036], [8.200000000000005, 5.0000000000000036], [8.300000000000004, 5.0000000000000036], [8.400000000000006, 5.0000000000000036], [8.500000000000005, 5.0000000000000036], [8.600000000000005, 5.0000000000000036], [8.700000000000005, 5.0000000000000036], [8.800000000000004, 5.0000000000000036], [3.4000000000000004, 5.100000000000003], [3.5000000000000004, 5.100000000000003], [3.6000000000000005, 5.100000000000003], [3.7000000000000006, 5.100000000000003], [3.8000000000000007, 5.100000000000003], [3.900000000000001, 5.100000000000003], [4.000000000000001, 5.100000000000003], [4.100000000000001, 5.100000000000003], [4.200000000000001, 5.100000000000003], [4.300000000000001, 5.100000000000003], [4.400000000000001, 5.100000000000003], [4.500000000000002, 5.100000000000003], [4.600000000000001, 5.100000000000003], [4.700000000000001, 5.100000000000003], [4.800000000000002, 5.100000000000003], [4.900000000000002, 5.100000000000003], [5.000000000000002, 5.100000000000003], [5.100000000000001, 5.100000000000003], [5.200000000000002, 5.100000000000003], [5.3000000000000025, 5.100000000000003], [5.400000000000002, 5.100000000000003], [5.500000000000002, 5.100000000000003], [5.600000000000002, 5.100000000000003], [5.700000000000003, 5.100000000000003], [5.8000000000000025, 5.100000000000003], [5.900000000000002, 5.100000000000003], [6.000000000000003, 5.100000000000003], [6.100000000000003, 5.100000000000003], [6.200000000000003, 5.100000000000003], [6.3000000000000025, 5.100000000000003], [6.400000000000003, 5.100000000000003], [6.5000000000000036, 5.100000000000003], [6.600000000000003, 5.100000000000003], [6.700000000000003, 5.100000000000003], [6.800000000000003, 5.100000000000003], [6.900000000000004, 5.100000000000003], [7.0000000000000036, 5.100000000000003], [7.100000000000003, 5.100000000000003], [7.200000000000004, 5.100000000000003], [7.300000000000004, 5.100000000000003], [7.400000000000004, 5.100000000000003], [7.5000000000000036, 5.100000000000003], [7.600000000000004, 5.100000000000003], [7.700000000000005, 5.100000000000003], [7.800000000000004, 5.100000000000003], [7.900000000000004, 5.100000000000003], [8.000000000000004, 5.100000000000003], [8.100000000000005, 5.100000000000003], [8.200000000000005, 5.100000000000003], [8.300000000000004, 5.100000000000003], [8.400000000000006, 5.100000000000003], [8.500000000000005, 5.100000000000003], [8.600000000000005, 5.100000000000003], [8.700000000000005, 5.100000000000003], [8.800000000000004, 5.100000000000003])
