Dados de Treino.

[[0.21383102 0.42872454 0.30427779 0.16194707 0.63340144 0.02362663]
 [0.57378472 0.87959986 0.5794702  0.27373681 0.37702979 0.12558194]
 [0.1636767  0.36387996 0.23581529 0.1474181  0.62845467 0.02800279]
 ...
 [0.1408179  0.14987496 0.32217648 0.23635018 0.74384342 0.02730447]
 [0.10165895 0.20650232 0.25013424 0.1694429  0.15227444 0.02728119]
 [0.5859375  0.70525188 0.30239842 0.37571719 0.69899989 0.26252328]]
Dados de Teste.

([0.5732060185185185, 0.6611289746337978, 0.5748165383926974, 0.3863594299463261, 0.4816646951285085, 0.1849162011173184], [0.18094135802469133, 0.2995712754555198, 0.27411848935027744, 0.19739033870072187, 0.6452306699645125, 0.11270949720670391], [0.6207561728395062, 0.6220078599499822, 0.49946303919813856, 0.4522487506940589, 0.3313259490267771, 0.1626629422718808], [0.09211033950617288, 0.4642729546266524, 0.059960622874530155, 0.02674440125856008, 0.7254543499300999, 0.025139664804469275], [0.1701388888888889, 0.3586995355484101, 0.25675675675675674, 0.15630205441421433, 0.590601139907517, 0.05668063314711359], [0.1578896604938272, 0.3738835298320829, 0.10130660461786291, 0.13668332407921527, 0.6326486719002044, 0.027513966480446926], [0.09384645061728399, 0.13683458377992141, 0.2636477537139789, 0.19803812696650014, 0.6112485213463814, 0.02195065176908752], [0.4476273148148148, 0.4276527331189711, 0.3400751745122606, 0.3869146770312789, 0.5281213033659533, 0.10048882681564246], [0.8658371913580247, 0.787245444801715, 0.5620189726149991, 0.6018878400888394, 0.3722980965695237, 0.21475791433891991], [0.35927854938271603, 0.3692390139335477, 0.3055306962591731, 0.33240792152507864, 0.44994085385525334, 0.09972067039106146], [0.3184799382716049, 0.3770989639156842, 0.26132092357257924, 0.2890061077179345, 0.5480159156898592, 0.03233240223463687], [0.29378858024691357, 0.41711325473383354, 0.2505817075353499, 0.24467888210253566, 0.6152274438111626, 0.08165735567970205], [0.3003472222222222, 0.38763844230082173, 0.4474673348845534, 0.26624097723486956, 0.5017743843424024, 0.09636871508379888], [0.21942515432098764, 0.2168631654162201, 0.3713978879541794, 0.2771608365722747, 0.7208301967953545, 0.07195065176908753], [0.6677276234567899, 0.5603787066809576, 0.7263289779846072, 0.5292430131408478, 0.20679642972362625, 0.15996275605214152], [0.1506558641975309, 0.4367631296891747, 0.05396456058707716, 0.09716823986674071, 0.5191956124314443, 0.030540037243947857], [0.3305362654320988, 0.21114683815648447, 0.4099695722212279, 0.3866370534888025, 0.41886224325196264, 0.09620577281191806], [0.3560956790123457, 0.5530546623794212, 0.35797386790764274, 0.23403664630760687, 0.39079470910850633, 0.06247672253258845], [0.32687114197530864, 0.37263308324401573, 0.39412922856631466, 0.2994632611512123, 0.37692224970426924, 0.0965316573556797], [0.1206597222222222, 0.3490532332976063, 0.23268301413996778, 0.11391819359615028, 0.5896332939025701, 0.03202979515828678], [0.3979552469135802, 0.4285459092533048, 0.41292285663146594, 0.33870072182121047, 0.4413377782557265, 0.10293296089385474], [0.503954475308642, 0.3678099321186138, 0.5878825845713262, 0.47186748102905796, 0.37262071190450596, 0.05458566108007449], [0.3748070987654321, 0.2927831368345838, 0.3914444245570074, 0.3869146770312789, 0.26518980535541453, 0.14143389199255121], [0.22038966049382716, 0.35119685602000716, 0.33891175944156077, 0.208310198038127, 0.605656522206689, 0.027001862197392926], [0.3152006172839506, 0.7883172561629153, 1.0, 0.07292245049046826, 0.7049145069362297, 0.2988128491620112], [0.17139274691358028, 0.3703108252947481, 0.21326293180597816, 0.15148991301129, 0.6923325088719219, 0.04075884543761639], [0.3557098765432099, 0.6053947838513756, 0.3365849293001611, 0.2065519156024431, 0.4777933111087215, 0.0430633147113594], [0.3570601851851852, 0.2300821722043587, 0.4385179881868624, 0.4022765130483065, 0.43617593289601037, 0.12493016759776536], [0.2644675925925926, 0.4824937477670597, 0.17093252192589942, 0.18267629094947252, 0.43972470158081517, 0.04213221601489758], [0.38715277777777785, 0.5873526259378349, 0.29980311437265084, 0.24606699981491767, 0.5499516076997527, 0.02388268156424581], [0.2380401234567901, 0.2788495891389782, 0.3785573653123322, 0.26272441236350175, 0.09592429293472418, 0.07937616387337057], [0.34008487654320985, 0.5703822793854948, 0.22462860211204586, 0.209698315750509, 0.3583180987202926, 0.0765828677839851], [0.1116898148148148, 0.2847445516255806, 0.2505817075353499, 0.13862668887655008, 0.7060974298311647, 0.057588454376163875], [0.21103395061728397, 0.18792425866380852, 0.39681403257562203, 0.28400888395335927, 0.5943649854823099, 0.10721601489757915], [0.15027006172839505, 0.3358342265094677, 0.14426346876678003, 0.14908384230982785, 0.5001613076674912, 0.022858472998137803], [0.5300925925925926, 0.4866023579849947, 0.417844997315196, 0.43540625578382386, 0.2574470373158404, 0.12004189944134078], [0.20891203703703706, 0.3079671311182565, 0.35797386790764274, 0.21978530446048491, 0.5947951392622863, 0.024813780260707633], [0.42081404320987653, 0.3631654162200786, 0.393771254698407, 0.3945030538589673, 0.5253253037961072, 0.06743482309124767], [0.3799189814814815, 0.5485887817077528, 0.28441023805262217, 0.25920784749213405, 0.7136251209807507, 0.06387337057728118], [0.48398919753086417, 0.8744194355126831, 0.3866117773402542, 0.19026466777716086, 0.5827508334229488, 0.14243482309124766], [0.17563657407407407, 0.2768846016434441, 0.29443350635403615, 0.2040533037201555, 0.635982363695021, 0.037360335195530725], [0.14014274691358025, 0.28045730618077885, 0.152317880794702, 0.1680547843790487, 0.7424454242391656, 0.019902234636871508], [0.5296103395061729, 0.4885673454805288, 0.6960801861464113, 0.4339255968906163, 0.5952252930422627, 0.11461824953445066], [0.3630401234567901, 0.49839228295819943, 0.46536602827993556, 0.26910975384045904, 0.5319926873857405, 0.05456238361266294], [0.5844907407407407, 0.7608074312254376, 0.4941829246465008, 0.34554876920229505, 0.745564039143994, 0.2837988826815642], [0.6110146604938271, 0.9905323329760629, 0.519062108466082, 0.2519896353877476, 0.6941606624368212, 0.3012337057728119], [0.11554783950617287, 0.2341907824222937, 0.32620368713083947, 0.16842494910235056, 0.6670609742983118, 0.04050279329608938], [0.15306712962962965, 0.0, 0.48236978700554867, 0.32583749768647047, 0.44639208517044854, 0.08938547486033518], [0.5673225308641975, 0.7068595927116827, 0.4193663862538035, 0.357023875624653, 0.5976986772771266, 0.19876629422718808], [0.2671682098765432, 0.4605216148624509, 0.16806873098263828, 0.19665000925411807, 0.5547908377244866, 0.038151769087523275], [0.049479166666666685, 0.17309753483386925, 0.16609987470914625, 0.13659078289838977, 0.6337240563501452, 0.034171322160148974], [0.1812307098765432, 0.4285459092533048, 0.12332199749418295, 0.13066814732555987, 0.5151091515216691, 0.03871042830540038], [0.11921296296296295, 0.4199714183637014, 0.18892070878825845, 0.07560614473440681, 0.6188837509409614, 0.04434357541899441], [0.41936728395061723, 0.4942836727402644, 0.3469661714694828, 0.3250971682398668, 0.502419615012367, 0.15335195530726256], [0.05140817901234569, 0.2568774562343694, 0.0919992840522642, 0.0952248750694059, 0.4704806968491236, 0.03596368715083798], [0.5550733024691358, 0.4790996784565917, 0.5647932700912833, 0.4632611512122895, 0.5957629852672331, 0.18701117318435753], [0.5776427469135803, 0.8092175777063236, 0.3031143726507965, 0.3138996853599852, 0.5593074524142382, 0.17004189944134077], [0.46604938271604934, 0.711504108610218, 0.47377841417576516, 0.2574495650564501, 0.8214861813098183, 0.31666666666666665], [0.21180555555555555, 0.3837084673097535, 0.19294791480221946, 0.1833240792152508, 0.580492526078073, 0.04425046554934823], [0.5042438271604939, 0.714183637013219, 0.5573653123321998, 0.2927077549509532, 0.7363157328745028, 0.20535381750465548], [0.3614004629629629, 0.41943551268310114, 0.3163594057633793, 0.3082546733296317, 0.5055382299171954, 0.02490689013035382], [0.5188078703703703, 0.45230439442658094, 0.44129228566314666, 0.4422543031649084, 0.48080438756855587, 0.1154562383612663])
Dados de Teste.

([-1.0, -0.9874955341193283], [-0.9, -0.9874955341193283], [-0.8, -0.9874955341193283], [-0.7000000000000001, -0.9874955341193283], [-0.6000000000000001, -0.9874955341193283], [-0.5000000000000001, -0.9874955341193283], [-0.40000000000000013, -0.9874955341193283], [-0.30000000000000016, -0.9874955341193283], [-0.20000000000000018, -0.9874955341193283], [-0.1000000000000002, -0.9874955341193283], [-2.220446049250313e-16, -0.9874955341193283], [0.09999999999999964, -0.9874955341193283], [0.19999999999999973, -0.9874955341193283], [0.2999999999999998, -0.9874955341193283], [0.3999999999999997, -0.9874955341193283], [0.49999999999999956, -0.9874955341193283], [0.5999999999999996, -0.9874955341193283], [0.6999999999999997, -0.9874955341193283], [0.7999999999999996, -0.9874955341193283], [0.8999999999999995, -0.9874955341193283], [0.9999999999999996, -0.9874955341193283], [1.0999999999999996, -0.9874955341193283], [1.1999999999999993, -0.9874955341193283], [1.2999999999999994, -0.9874955341193283], [1.3999999999999995, -0.9874955341193283], [1.4999999999999996, -0.9874955341193283], [1.5999999999999996, -0.9874955341193283], [1.6999999999999993, -0.9874955341193283], [1.7999999999999994, -0.9874955341193283], [1.8999999999999995, -0.9874955341193283], [-1.0, -0.8874955341193284], [-0.9, -0.8874955341193284], [-0.8, -0.8874955341193284], [-0.7000000000000001, -0.8874955341193284], [-0.6000000000000001, -0.8874955341193284], [-0.5000000000000001, -0.8874955341193284], [-0.40000000000000013, -0.8874955341193284], [-0.30000000000000016, -0.8874955341193284], [-0.20000000000000018, -0.8874955341193284], [-0.1000000000000002, -0.8874955341193284], [-2.220446049250313e-16, -0.8874955341193284], [0.09999999999999964, -0.8874955341193284], [0.19999999999999973, -0.8874955341193284], [0.2999999999999998, -0.8874955341193284], [0.3999999999999997, -0.8874955341193284], [0.49999999999999956, -0.8874955341193284], [0.5999999999999996, -0.8874955341193284], [0.6999999999999997, -0.8874955341193284], [0.7999999999999996, -0.8874955341193284], [0.8999999999999995, -0.8874955341193284], [0.9999999999999996, -0.8874955341193284], [1.0999999999999996, -0.8874955341193284], [1.1999999999999993, -0.8874955341193284], [1.2999999999999994, -0.8874955341193284], [1.3999999999999995, -0.8874955341193284], [1.4999999999999996, -0.8874955341193284], [1.5999999999999996, -0.8874955341193284], [1.6999999999999993, -0.8874955341193284], [1.7999999999999994, -0.8874955341193284], [1.8999999999999995, -0.8874955341193284], [-1.0, -0.7874955341193284], [-0.9, -0.7874955341193284], [-0.8, -0.7874955341193284], [-0.7000000000000001, -0.7874955341193284], [-0.6000000000000001, -0.7874955341193284], [-0.5000000000000001, -0.7874955341193284], [-0.40000000000000013, -0.7874955341193284], [-0.30000000000000016, -0.7874955341193284], [-0.20000000000000018, -0.7874955341193284], [-0.1000000000000002, -0.7874955341193284], [-2.220446049250313e-16, -0.7874955341193284], [0.09999999999999964, -0.7874955341193284], [0.19999999999999973, -0.7874955341193284], [0.2999999999999998, -0.7874955341193284], [0.3999999999999997, -0.7874955341193284], [0.49999999999999956, -0.7874955341193284], [0.5999999999999996, -0.7874955341193284], [0.6999999999999997, -0.7874955341193284], [0.7999999999999996, -0.7874955341193284], [0.8999999999999995, -0.7874955341193284], [0.9999999999999996, -0.7874955341193284], [1.0999999999999996, -0.7874955341193284], [1.1999999999999993, -0.7874955341193284], [1.2999999999999994, -0.7874955341193284], [1.3999999999999995, -0.7874955341193284], [1.4999999999999996, -0.7874955341193284], [1.5999999999999996, -0.7874955341193284], [1.6999999999999993, -0.7874955341193284], [1.7999999999999994, -0.7874955341193284], [1.8999999999999995, -0.7874955341193284], [-1.0, -0.6874955341193284], [-0.9, -0.6874955341193284], [-0.8, -0.6874955341193284], [-0.7000000000000001, -0.6874955341193284], [-0.6000000000000001, -0.6874955341193284], [-0.5000000000000001, -0.6874955341193284], [-0.40000000000000013, -0.6874955341193284], [-0.30000000000000016, -0.6874955341193284], [-0.20000000000000018, -0.6874955341193284], [-0.1000000000000002, -0.6874955341193284], [-2.220446049250313e-16, -0.6874955341193284], [0.09999999999999964, -0.6874955341193284], [0.19999999999999973, -0.6874955341193284], [0.2999999999999998, -0.6874955341193284], [0.3999999999999997, -0.6874955341193284], [0.49999999999999956, -0.6874955341193284], [0.5999999999999996, -0.6874955341193284], [0.6999999999999997, -0.6874955341193284], [0.7999999999999996, -0.6874955341193284], [0.8999999999999995, -0.6874955341193284], [0.9999999999999996, -0.6874955341193284], [1.0999999999999996, -0.6874955341193284], [1.1999999999999993, -0.6874955341193284], [1.2999999999999994, -0.6874955341193284], [1.3999999999999995, -0.6874955341193284], [1.4999999999999996, -0.6874955341193284], [1.5999999999999996, -0.6874955341193284], [1.6999999999999993, -0.6874955341193284], [1.7999999999999994, -0.6874955341193284], [1.8999999999999995, -0.6874955341193284], [-1.0, -0.5874955341193284], [-0.9, -0.5874955341193284], [-0.8, -0.5874955341193284], [-0.7000000000000001, -0.5874955341193284], [-0.6000000000000001, -0.5874955341193284], [-0.5000000000000001, -0.5874955341193284], [-0.40000000000000013, -0.5874955341193284], [-0.30000000000000016, -0.5874955341193284], [-0.20000000000000018, -0.5874955341193284], [-0.1000000000000002, -0.5874955341193284], [-2.220446049250313e-16, -0.5874955341193284], [0.09999999999999964, -0.5874955341193284], [0.19999999999999973, -0.5874955341193284], [0.2999999999999998, -0.5874955341193284], [0.3999999999999997, -0.5874955341193284], [0.49999999999999956, -0.5874955341193284], [0.5999999999999996, -0.5874955341193284], [0.6999999999999997, -0.5874955341193284], [0.7999999999999996, -0.5874955341193284], [0.8999999999999995, -0.5874955341193284], [0.9999999999999996, -0.5874955341193284], [1.0999999999999996, -0.5874955341193284], [1.1999999999999993, -0.5874955341193284], [1.2999999999999994, -0.5874955341193284], [1.3999999999999995, -0.5874955341193284], [1.4999999999999996, -0.5874955341193284], [1.5999999999999996, -0.5874955341193284], [1.6999999999999993, -0.5874955341193284], [1.7999999999999994, -0.5874955341193284], [1.8999999999999995, -0.5874955341193284], [-1.0, -0.48749553411932844], [-0.9, -0.48749553411932844], [-0.8, -0.48749553411932844], [-0.7000000000000001, -0.48749553411932844], [-0.6000000000000001, -0.48749553411932844], [-0.5000000000000001, -0.48749553411932844], [-0.40000000000000013, -0.48749553411932844], [-0.30000000000000016, -0.48749553411932844], [-0.20000000000000018, -0.48749553411932844], [-0.1000000000000002, -0.48749553411932844], [-2.220446049250313e-16, -0.48749553411932844], [0.09999999999999964, -0.48749553411932844], [0.19999999999999973, -0.48749553411932844], [0.2999999999999998, -0.48749553411932844], [0.3999999999999997, -0.48749553411932844], [0.49999999999999956, -0.48749553411932844], [0.5999999999999996, -0.48749553411932844], [0.6999999999999997, -0.48749553411932844], [0.7999999999999996, -0.48749553411932844], [0.8999999999999995, -0.48749553411932844], [0.9999999999999996, -0.48749553411932844], [1.0999999999999996, -0.48749553411932844], [1.1999999999999993, -0.48749553411932844], [1.2999999999999994, -0.48749553411932844], [1.3999999999999995, -0.48749553411932844], [1.4999999999999996, -0.48749553411932844], [1.5999999999999996, -0.48749553411932844], [1.6999999999999993, -0.48749553411932844], [1.7999999999999994, -0.48749553411932844], [1.8999999999999995, -0.48749553411932844], [-1.0, -0.38749553411932847], [-0.9, -0.38749553411932847], [-0.8, -0.38749553411932847], [-0.7000000000000001, -0.38749553411932847], [-0.6000000000000001, -0.38749553411932847], [-0.5000000000000001, -0.38749553411932847], [-0.40000000000000013, -0.38749553411932847], [-0.30000000000000016, -0.38749553411932847], [-0.20000000000000018, -0.38749553411932847], [-0.1000000000000002, -0.38749553411932847], [-2.220446049250313e-16, -0.38749553411932847], [0.09999999999999964, -0.38749553411932847], [0.19999999999999973, -0.38749553411932847], [0.2999999999999998, -0.38749553411932847], [0.3999999999999997, -0.38749553411932847], [0.49999999999999956, -0.38749553411932847], [0.5999999999999996, -0.38749553411932847], [0.6999999999999997, -0.38749553411932847], [0.7999999999999996, -0.38749553411932847], [0.8999999999999995, -0.38749553411932847], [0.9999999999999996, -0.38749553411932847], [1.0999999999999996, -0.38749553411932847], [1.1999999999999993, -0.38749553411932847], [1.2999999999999994, -0.38749553411932847], [1.3999999999999995, -0.38749553411932847], [1.4999999999999996, -0.38749553411932847], [1.5999999999999996, -0.38749553411932847], [1.6999999999999993, -0.38749553411932847], [1.7999999999999994, -0.38749553411932847], [1.8999999999999995, -0.38749553411932847], [-1.0, -0.2874955341193285], [-0.9, -0.2874955341193285], [-0.8, -0.2874955341193285], [-0.7000000000000001, -0.2874955341193285], [-0.6000000000000001, -0.2874955341193285], [-0.5000000000000001, -0.2874955341193285], [-0.40000000000000013, -0.2874955341193285], [-0.30000000000000016, -0.2874955341193285], [-0.20000000000000018, -0.2874955341193285], [-0.1000000000000002, -0.2874955341193285], [-2.220446049250313e-16, -0.2874955341193285], [0.09999999999999964, -0.2874955341193285], [0.19999999999999973, -0.2874955341193285], [0.2999999999999998, -0.2874955341193285], [0.3999999999999997, -0.2874955341193285], [0.49999999999999956, -0.2874955341193285], [0.5999999999999996, -0.2874955341193285], [0.6999999999999997, -0.2874955341193285], [0.7999999999999996, -0.2874955341193285], [0.8999999999999995, -0.2874955341193285], [0.9999999999999996, -0.2874955341193285], [1.0999999999999996, -0.2874955341193285], [1.1999999999999993, -0.2874955341193285], [1.2999999999999994, -0.2874955341193285], [1.3999999999999995, -0.2874955341193285], [1.4999999999999996, -0.2874955341193285], [1.5999999999999996, -0.2874955341193285], [1.6999999999999993, -0.2874955341193285], [1.7999999999999994, -0.2874955341193285], [1.8999999999999995, -0.2874955341193285], [-1.0, -0.1874955341193285], [-0.9, -0.1874955341193285], [-0.8, -0.1874955341193285], [-0.7000000000000001, -0.1874955341193285], [-0.6000000000000001, -0.1874955341193285], [-0.5000000000000001, -0.1874955341193285], [-0.40000000000000013, -0.1874955341193285], [-0.30000000000000016, -0.1874955341193285], [-0.20000000000000018, -0.1874955341193285], [-0.1000000000000002, -0.1874955341193285], [-2.220446049250313e-16, -0.1874955341193285], [0.09999999999999964, -0.1874955341193285], [0.19999999999999973, -0.1874955341193285], [0.2999999999999998, -0.1874955341193285], [0.3999999999999997, -0.1874955341193285], [0.49999999999999956, -0.1874955341193285], [0.5999999999999996, -0.1874955341193285], [0.6999999999999997, -0.1874955341193285], [0.7999999999999996, -0.1874955341193285], [0.8999999999999995, -0.1874955341193285], [0.9999999999999996, -0.1874955341193285], [1.0999999999999996, -0.1874955341193285], [1.1999999999999993, -0.1874955341193285], [1.2999999999999994, -0.1874955341193285], [1.3999999999999995, -0.1874955341193285], [1.4999999999999996, -0.1874955341193285], [1.5999999999999996, -0.1874955341193285], [1.6999999999999993, -0.1874955341193285], [1.7999999999999994, -0.1874955341193285], [1.8999999999999995, -0.1874955341193285], [-1.0, -0.08749553411932853], [-0.9, -0.08749553411932853], [-0.8, -0.08749553411932853], [-0.7000000000000001, -0.08749553411932853], [-0.6000000000000001, -0.08749553411932853], [-0.5000000000000001, -0.08749553411932853], [-0.40000000000000013, -0.08749553411932853], [-0.30000000000000016, -0.08749553411932853], [-0.20000000000000018, -0.08749553411932853], [-0.1000000000000002, -0.08749553411932853], [-2.220446049250313e-16, -0.08749553411932853], [0.09999999999999964, -0.08749553411932853], [0.19999999999999973, -0.08749553411932853], [0.2999999999999998, -0.08749553411932853], [0.3999999999999997, -0.08749553411932853], [0.49999999999999956, -0.08749553411932853], [0.5999999999999996, -0.08749553411932853], [0.6999999999999997, -0.08749553411932853], [0.7999999999999996, -0.08749553411932853], [0.8999999999999995, -0.08749553411932853], [0.9999999999999996, -0.08749553411932853], [1.0999999999999996, -0.08749553411932853], [1.1999999999999993, -0.08749553411932853], [1.2999999999999994, -0.08749553411932853], [1.3999999999999995, -0.08749553411932853], [1.4999999999999996, -0.08749553411932853], [1.5999999999999996, -0.08749553411932853], [1.6999999999999993, -0.08749553411932853], [1.7999999999999994, -0.08749553411932853], [1.8999999999999995, -0.08749553411932853], [-1.0, 0.012504465880671445], [-0.9, 0.012504465880671445], [-0.8, 0.012504465880671445], [-0.7000000000000001, 0.012504465880671445], [-0.6000000000000001, 0.012504465880671445], [-0.5000000000000001, 0.012504465880671445], [-0.40000000000000013, 0.012504465880671445], [-0.30000000000000016, 0.012504465880671445], [-0.20000000000000018, 0.012504465880671445], [-0.1000000000000002, 0.012504465880671445], [-2.220446049250313e-16, 0.012504465880671445], [0.09999999999999964, 0.012504465880671445], [0.19999999999999973, 0.012504465880671445], [0.2999999999999998, 0.012504465880671445], [0.3999999999999997, 0.012504465880671445], [0.49999999999999956, 0.012504465880671445], [0.5999999999999996, 0.012504465880671445], [0.6999999999999997, 0.012504465880671445], [0.7999999999999996, 0.012504465880671445], [0.8999999999999995, 0.012504465880671445], [0.9999999999999996, 0.012504465880671445], [1.0999999999999996, 0.012504465880671445], [1.1999999999999993, 0.012504465880671445], [1.2999999999999994, 0.012504465880671445], [1.3999999999999995, 0.012504465880671445], [1.4999999999999996, 0.012504465880671445], [1.5999999999999996, 0.012504465880671445], [1.6999999999999993, 0.012504465880671445], [1.7999999999999994, 0.012504465880671445], [1.8999999999999995, 0.012504465880671445], [-1.0, 0.11250446588067131], [-0.9, 0.11250446588067131], [-0.8, 0.11250446588067131], [-0.7000000000000001, 0.11250446588067131], [-0.6000000000000001, 0.11250446588067131], [-0.5000000000000001, 0.11250446588067131], [-0.40000000000000013, 0.11250446588067131], [-0.30000000000000016, 0.11250446588067131], [-0.20000000000000018, 0.11250446588067131], [-0.1000000000000002, 0.11250446588067131], [-2.220446049250313e-16, 0.11250446588067131], [0.09999999999999964, 0.11250446588067131], [0.19999999999999973, 0.11250446588067131], [0.2999999999999998, 0.11250446588067131], [0.3999999999999997, 0.11250446588067131], [0.49999999999999956, 0.11250446588067131], [0.5999999999999996, 0.11250446588067131], [0.6999999999999997, 0.11250446588067131], [0.7999999999999996, 0.11250446588067131], [0.8999999999999995, 0.11250446588067131], [0.9999999999999996, 0.11250446588067131], [1.0999999999999996, 0.11250446588067131], [1.1999999999999993, 0.11250446588067131], [1.2999999999999994, 0.11250446588067131], [1.3999999999999995, 0.11250446588067131], [1.4999999999999996, 0.11250446588067131], [1.5999999999999996, 0.11250446588067131], [1.6999999999999993, 0.11250446588067131], [1.7999999999999994, 0.11250446588067131], [1.8999999999999995, 0.11250446588067131], [-1.0, 0.2125044658806714], [-0.9, 0.2125044658806714], [-0.8, 0.2125044658806714], [-0.7000000000000001, 0.2125044658806714], [-0.6000000000000001, 0.2125044658806714], [-0.5000000000000001, 0.2125044658806714], [-0.40000000000000013, 0.2125044658806714], [-0.30000000000000016, 0.2125044658806714], [-0.20000000000000018, 0.2125044658806714], [-0.1000000000000002, 0.2125044658806714], [-2.220446049250313e-16, 0.2125044658806714], [0.09999999999999964, 0.2125044658806714], [0.19999999999999973, 0.2125044658806714], [0.2999999999999998, 0.2125044658806714], [0.3999999999999997, 0.2125044658806714], [0.49999999999999956, 0.2125044658806714], [0.5999999999999996, 0.2125044658806714], [0.6999999999999997, 0.2125044658806714], [0.7999999999999996, 0.2125044658806714], [0.8999999999999995, 0.2125044658806714], [0.9999999999999996, 0.2125044658806714], [1.0999999999999996, 0.2125044658806714], [1.1999999999999993, 0.2125044658806714], [1.2999999999999994, 0.2125044658806714], [1.3999999999999995, 0.2125044658806714], [1.4999999999999996, 0.2125044658806714], [1.5999999999999996, 0.2125044658806714], [1.6999999999999993, 0.2125044658806714], [1.7999999999999994, 0.2125044658806714], [1.8999999999999995, 0.2125044658806714], [-1.0, 0.3125044658806715], [-0.9, 0.3125044658806715], [-0.8, 0.3125044658806715], [-0.7000000000000001, 0.3125044658806715], [-0.6000000000000001, 0.3125044658806715], [-0.5000000000000001, 0.3125044658806715], [-0.40000000000000013, 0.3125044658806715], [-0.30000000000000016, 0.3125044658806715], [-0.20000000000000018, 0.3125044658806715], [-0.1000000000000002, 0.3125044658806715], [-2.220446049250313e-16, 0.3125044658806715], [0.09999999999999964, 0.3125044658806715], [0.19999999999999973, 0.3125044658806715], [0.2999999999999998, 0.3125044658806715], [0.3999999999999997, 0.3125044658806715], [0.49999999999999956, 0.3125044658806715], [0.5999999999999996, 0.3125044658806715], [0.6999999999999997, 0.3125044658806715], [0.7999999999999996, 0.3125044658806715], [0.8999999999999995, 0.3125044658806715], [0.9999999999999996, 0.3125044658806715], [1.0999999999999996, 0.3125044658806715], [1.1999999999999993, 0.3125044658806715], [1.2999999999999994, 0.3125044658806715], [1.3999999999999995, 0.3125044658806715], [1.4999999999999996, 0.3125044658806715], [1.5999999999999996, 0.3125044658806715], [1.6999999999999993, 0.3125044658806715], [1.7999999999999994, 0.3125044658806715], [1.8999999999999995, 0.3125044658806715], [-1.0, 0.41250446588067136], [-0.9, 0.41250446588067136], [-0.8, 0.41250446588067136], [-0.7000000000000001, 0.41250446588067136], [-0.6000000000000001, 0.41250446588067136], [-0.5000000000000001, 0.41250446588067136], [-0.40000000000000013, 0.41250446588067136], [-0.30000000000000016, 0.41250446588067136], [-0.20000000000000018, 0.41250446588067136], [-0.1000000000000002, 0.41250446588067136], [-2.220446049250313e-16, 0.41250446588067136], [0.09999999999999964, 0.41250446588067136], [0.19999999999999973, 0.41250446588067136], [0.2999999999999998, 0.41250446588067136], [0.3999999999999997, 0.41250446588067136], [0.49999999999999956, 0.41250446588067136], [0.5999999999999996, 0.41250446588067136], [0.6999999999999997, 0.41250446588067136], [0.7999999999999996, 0.41250446588067136], [0.8999999999999995, 0.41250446588067136], [0.9999999999999996, 0.41250446588067136], [1.0999999999999996, 0.41250446588067136], [1.1999999999999993, 0.41250446588067136], [1.2999999999999994, 0.41250446588067136], [1.3999999999999995, 0.41250446588067136], [1.4999999999999996, 0.41250446588067136], [1.5999999999999996, 0.41250446588067136], [1.6999999999999993, 0.41250446588067136], [1.7999999999999994, 0.41250446588067136], [1.8999999999999995, 0.41250446588067136], [-1.0, 0.5125044658806712], [-0.9, 0.5125044658806712], [-0.8, 0.5125044658806712], [-0.7000000000000001, 0.5125044658806712], [-0.6000000000000001, 0.5125044658806712], [-0.5000000000000001, 0.5125044658806712], [-0.40000000000000013, 0.5125044658806712], [-0.30000000000000016, 0.5125044658806712], [-0.20000000000000018, 0.5125044658806712], [-0.1000000000000002, 0.5125044658806712], [-2.220446049250313e-16, 0.5125044658806712], [0.09999999999999964, 0.5125044658806712], [0.19999999999999973, 0.5125044658806712], [0.2999999999999998, 0.5125044658806712], [0.3999999999999997, 0.5125044658806712], [0.49999999999999956, 0.5125044658806712], [0.5999999999999996, 0.5125044658806712], [0.6999999999999997, 0.5125044658806712], [0.7999999999999996, 0.5125044658806712], [0.8999999999999995, 0.5125044658806712], [0.9999999999999996, 0.5125044658806712], [1.0999999999999996, 0.5125044658806712], [1.1999999999999993, 0.5125044658806712], [1.2999999999999994, 0.5125044658806712], [1.3999999999999995, 0.5125044658806712], [1.4999999999999996, 0.5125044658806712], [1.5999999999999996, 0.5125044658806712], [1.6999999999999993, 0.5125044658806712], [1.7999999999999994, 0.5125044658806712], [1.8999999999999995, 0.5125044658806712], [-1.0, 0.6125044658806713], [-0.9, 0.6125044658806713], [-0.8, 0.6125044658806713], [-0.7000000000000001, 0.6125044658806713], [-0.6000000000000001, 0.6125044658806713], [-0.5000000000000001, 0.6125044658806713], [-0.40000000000000013, 0.6125044658806713], [-0.30000000000000016, 0.6125044658806713], [-0.20000000000000018, 0.6125044658806713], [-0.1000000000000002, 0.6125044658806713], [-2.220446049250313e-16, 0.6125044658806713], [0.09999999999999964, 0.6125044658806713], [0.19999999999999973, 0.6125044658806713], [0.2999999999999998, 0.6125044658806713], [0.3999999999999997, 0.6125044658806713], [0.49999999999999956, 0.6125044658806713], [0.5999999999999996, 0.6125044658806713], [0.6999999999999997, 0.6125044658806713], [0.7999999999999996, 0.6125044658806713], [0.8999999999999995, 0.6125044658806713], [0.9999999999999996, 0.6125044658806713], [1.0999999999999996, 0.6125044658806713], [1.1999999999999993, 0.6125044658806713], [1.2999999999999994, 0.6125044658806713], [1.3999999999999995, 0.6125044658806713], [1.4999999999999996, 0.6125044658806713], [1.5999999999999996, 0.6125044658806713], [1.6999999999999993, 0.6125044658806713], [1.7999999999999994, 0.6125044658806713], [1.8999999999999995, 0.6125044658806713], [-1.0, 0.7125044658806714], [-0.9, 0.7125044658806714], [-0.8, 0.7125044658806714], [-0.7000000000000001, 0.7125044658806714], [-0.6000000000000001, 0.7125044658806714], [-0.5000000000000001, 0.7125044658806714], [-0.40000000000000013, 0.7125044658806714], [-0.30000000000000016, 0.7125044658806714], [-0.20000000000000018, 0.7125044658806714], [-0.1000000000000002, 0.7125044658806714], [-2.220446049250313e-16, 0.7125044658806714], [0.09999999999999964, 0.7125044658806714], [0.19999999999999973, 0.7125044658806714], [0.2999999999999998, 0.7125044658806714], [0.3999999999999997, 0.7125044658806714], [0.49999999999999956, 0.7125044658806714], [0.5999999999999996, 0.7125044658806714], [0.6999999999999997, 0.7125044658806714], [0.7999999999999996, 0.7125044658806714], [0.8999999999999995, 0.7125044658806714], [0.9999999999999996, 0.7125044658806714], [1.0999999999999996, 0.7125044658806714], [1.1999999999999993, 0.7125044658806714], [1.2999999999999994, 0.7125044658806714], [1.3999999999999995, 0.7125044658806714], [1.4999999999999996, 0.7125044658806714], [1.5999999999999996, 0.7125044658806714], [1.6999999999999993, 0.7125044658806714], [1.7999999999999994, 0.7125044658806714], [1.8999999999999995, 0.7125044658806714], [-1.0, 0.8125044658806713], [-0.9, 0.8125044658806713], [-0.8, 0.8125044658806713], [-0.7000000000000001, 0.8125044658806713], [-0.6000000000000001, 0.8125044658806713], [-0.5000000000000001, 0.8125044658806713], [-0.40000000000000013, 0.8125044658806713], [-0.30000000000000016, 0.8125044658806713], [-0.20000000000000018, 0.8125044658806713], [-0.1000000000000002, 0.8125044658806713], [-2.220446049250313e-16, 0.8125044658806713], [0.09999999999999964, 0.8125044658806713], [0.19999999999999973, 0.8125044658806713], [0.2999999999999998, 0.8125044658806713], [0.3999999999999997, 0.8125044658806713], [0.49999999999999956, 0.8125044658806713], [0.5999999999999996, 0.8125044658806713], [0.6999999999999997, 0.8125044658806713], [0.7999999999999996, 0.8125044658806713], [0.8999999999999995, 0.8125044658806713], [0.9999999999999996, 0.8125044658806713], [1.0999999999999996, 0.8125044658806713], [1.1999999999999993, 0.8125044658806713], [1.2999999999999994, 0.8125044658806713], [1.3999999999999995, 0.8125044658806713], [1.4999999999999996, 0.8125044658806713], [1.5999999999999996, 0.8125044658806713], [1.6999999999999993, 0.8125044658806713], [1.7999999999999994, 0.8125044658806713], [1.8999999999999995, 0.8125044658806713], [-1.0, 0.9125044658806711], [-0.9, 0.9125044658806711], [-0.8, 0.9125044658806711], [-0.7000000000000001, 0.9125044658806711], [-0.6000000000000001, 0.9125044658806711], [-0.5000000000000001, 0.9125044658806711], [-0.40000000000000013, 0.9125044658806711], [-0.30000000000000016, 0.9125044658806711], [-0.20000000000000018, 0.9125044658806711], [-0.1000000000000002, 0.9125044658806711], [-2.220446049250313e-16, 0.9125044658806711], [0.09999999999999964, 0.9125044658806711], [0.19999999999999973, 0.9125044658806711], [0.2999999999999998, 0.9125044658806711], [0.3999999999999997, 0.9125044658806711], [0.49999999999999956, 0.9125044658806711], [0.5999999999999996, 0.9125044658806711], [0.6999999999999997, 0.9125044658806711], [0.7999999999999996, 0.9125044658806711], [0.8999999999999995, 0.9125044658806711], [0.9999999999999996, 0.9125044658806711], [1.0999999999999996, 0.9125044658806711], [1.1999999999999993, 0.9125044658806711], [1.2999999999999994, 0.9125044658806711], [1.3999999999999995, 0.9125044658806711], [1.4999999999999996, 0.9125044658806711], [1.5999999999999996, 0.9125044658806711], [1.6999999999999993, 0.9125044658806711], [1.7999999999999994, 0.9125044658806711], [1.8999999999999995, 0.9125044658806711], [-1.0, 1.0125044658806712], [-0.9, 1.0125044658806712], [-0.8, 1.0125044658806712], [-0.7000000000000001, 1.0125044658806712], [-0.6000000000000001, 1.0125044658806712], [-0.5000000000000001, 1.0125044658806712], [-0.40000000000000013, 1.0125044658806712], [-0.30000000000000016, 1.0125044658806712], [-0.20000000000000018, 1.0125044658806712], [-0.1000000000000002, 1.0125044658806712], [-2.220446049250313e-16, 1.0125044658806712], [0.09999999999999964, 1.0125044658806712], [0.19999999999999973, 1.0125044658806712], [0.2999999999999998, 1.0125044658806712], [0.3999999999999997, 1.0125044658806712], [0.49999999999999956, 1.0125044658806712], [0.5999999999999996, 1.0125044658806712], [0.6999999999999997, 1.0125044658806712], [0.7999999999999996, 1.0125044658806712], [0.8999999999999995, 1.0125044658806712], [0.9999999999999996, 1.0125044658806712], [1.0999999999999996, 1.0125044658806712], [1.1999999999999993, 1.0125044658806712], [1.2999999999999994, 1.0125044658806712], [1.3999999999999995, 1.0125044658806712], [1.4999999999999996, 1.0125044658806712], [1.5999999999999996, 1.0125044658806712], [1.6999999999999993, 1.0125044658806712], [1.7999999999999994, 1.0125044658806712], [1.8999999999999995, 1.0125044658806712], [-1.0, 1.1125044658806713], [-0.9, 1.1125044658806713], [-0.8, 1.1125044658806713], [-0.7000000000000001, 1.1125044658806713], [-0.6000000000000001, 1.1125044658806713], [-0.5000000000000001, 1.1125044658806713], [-0.40000000000000013, 1.1125044658806713], [-0.30000000000000016, 1.1125044658806713], [-0.20000000000000018, 1.1125044658806713], [-0.1000000000000002, 1.1125044658806713], [-2.220446049250313e-16, 1.1125044658806713], [0.09999999999999964, 1.1125044658806713], [0.19999999999999973, 1.1125044658806713], [0.2999999999999998, 1.1125044658806713], [0.3999999999999997, 1.1125044658806713], [0.49999999999999956, 1.1125044658806713], [0.5999999999999996, 1.1125044658806713], [0.6999999999999997, 1.1125044658806713], [0.7999999999999996, 1.1125044658806713], [0.8999999999999995, 1.1125044658806713], [0.9999999999999996, 1.1125044658806713], [1.0999999999999996, 1.1125044658806713], [1.1999999999999993, 1.1125044658806713], [1.2999999999999994, 1.1125044658806713], [1.3999999999999995, 1.1125044658806713], [1.4999999999999996, 1.1125044658806713], [1.5999999999999996, 1.1125044658806713], [1.6999999999999993, 1.1125044658806713], [1.7999999999999994, 1.1125044658806713], [1.8999999999999995, 1.1125044658806713], [-1.0, 1.212504465880671], [-0.9, 1.212504465880671], [-0.8, 1.212504465880671], [-0.7000000000000001, 1.212504465880671], [-0.6000000000000001, 1.212504465880671], [-0.5000000000000001, 1.212504465880671], [-0.40000000000000013, 1.212504465880671], [-0.30000000000000016, 1.212504465880671], [-0.20000000000000018, 1.212504465880671], [-0.1000000000000002, 1.212504465880671], [-2.220446049250313e-16, 1.212504465880671], [0.09999999999999964, 1.212504465880671], [0.19999999999999973, 1.212504465880671], [0.2999999999999998, 1.212504465880671], [0.3999999999999997, 1.212504465880671], [0.49999999999999956, 1.212504465880671], [0.5999999999999996, 1.212504465880671], [0.6999999999999997, 1.212504465880671], [0.7999999999999996, 1.212504465880671], [0.8999999999999995, 1.212504465880671], [0.9999999999999996, 1.212504465880671], [1.0999999999999996, 1.212504465880671], [1.1999999999999993, 1.212504465880671], [1.2999999999999994, 1.212504465880671], [1.3999999999999995, 1.212504465880671], [1.4999999999999996, 1.212504465880671], [1.5999999999999996, 1.212504465880671], [1.6999999999999993, 1.212504465880671], [1.7999999999999994, 1.212504465880671], [1.8999999999999995, 1.212504465880671], [-1.0, 1.312504465880671], [-0.9, 1.312504465880671], [-0.8, 1.312504465880671], [-0.7000000000000001, 1.312504465880671], [-0.6000000000000001, 1.312504465880671], [-0.5000000000000001, 1.312504465880671], [-0.40000000000000013, 1.312504465880671], [-0.30000000000000016, 1.312504465880671], [-0.20000000000000018, 1.312504465880671], [-0.1000000000000002, 1.312504465880671], [-2.220446049250313e-16, 1.312504465880671], [0.09999999999999964, 1.312504465880671], [0.19999999999999973, 1.312504465880671], [0.2999999999999998, 1.312504465880671], [0.3999999999999997, 1.312504465880671], [0.49999999999999956, 1.312504465880671], [0.5999999999999996, 1.312504465880671], [0.6999999999999997, 1.312504465880671], [0.7999999999999996, 1.312504465880671], [0.8999999999999995, 1.312504465880671], [0.9999999999999996, 1.312504465880671], [1.0999999999999996, 1.312504465880671], [1.1999999999999993, 1.312504465880671], [1.2999999999999994, 1.312504465880671], [1.3999999999999995, 1.312504465880671], [1.4999999999999996, 1.312504465880671], [1.5999999999999996, 1.312504465880671], [1.6999999999999993, 1.312504465880671], [1.7999999999999994, 1.312504465880671], [1.8999999999999995, 1.312504465880671], [-1.0, 1.4125044658806711], [-0.9, 1.4125044658806711], [-0.8, 1.4125044658806711], [-0.7000000000000001, 1.4125044658806711], [-0.6000000000000001, 1.4125044658806711], [-0.5000000000000001, 1.4125044658806711], [-0.40000000000000013, 1.4125044658806711], [-0.30000000000000016, 1.4125044658806711], [-0.20000000000000018, 1.4125044658806711], [-0.1000000000000002, 1.4125044658806711], [-2.220446049250313e-16, 1.4125044658806711], [0.09999999999999964, 1.4125044658806711], [0.19999999999999973, 1.4125044658806711], [0.2999999999999998, 1.4125044658806711], [0.3999999999999997, 1.4125044658806711], [0.49999999999999956, 1.4125044658806711], [0.5999999999999996, 1.4125044658806711], [0.6999999999999997, 1.4125044658806711], [0.7999999999999996, 1.4125044658806711], [0.8999999999999995, 1.4125044658806711], [0.9999999999999996, 1.4125044658806711], [1.0999999999999996, 1.4125044658806711], [1.1999999999999993, 1.4125044658806711], [1.2999999999999994, 1.4125044658806711], [1.3999999999999995, 1.4125044658806711], [1.4999999999999996, 1.4125044658806711], [1.5999999999999996, 1.4125044658806711], [1.6999999999999993, 1.4125044658806711], [1.7999999999999994, 1.4125044658806711], [1.8999999999999995, 1.4125044658806711], [-1.0, 1.5125044658806712], [-0.9, 1.5125044658806712], [-0.8, 1.5125044658806712], [-0.7000000000000001, 1.5125044658806712], [-0.6000000000000001, 1.5125044658806712], [-0.5000000000000001, 1.5125044658806712], [-0.40000000000000013, 1.5125044658806712], [-0.30000000000000016, 1.5125044658806712], [-0.20000000000000018, 1.5125044658806712], [-0.1000000000000002, 1.5125044658806712], [-2.220446049250313e-16, 1.5125044658806712], [0.09999999999999964, 1.5125044658806712], [0.19999999999999973, 1.5125044658806712], [0.2999999999999998, 1.5125044658806712], [0.3999999999999997, 1.5125044658806712], [0.49999999999999956, 1.5125044658806712], [0.5999999999999996, 1.5125044658806712], [0.6999999999999997, 1.5125044658806712], [0.7999999999999996, 1.5125044658806712], [0.8999999999999995, 1.5125044658806712], [0.9999999999999996, 1.5125044658806712], [1.0999999999999996, 1.5125044658806712], [1.1999999999999993, 1.5125044658806712], [1.2999999999999994, 1.5125044658806712], [1.3999999999999995, 1.5125044658806712], [1.4999999999999996, 1.5125044658806712], [1.5999999999999996, 1.5125044658806712], [1.6999999999999993, 1.5125044658806712], [1.7999999999999994, 1.5125044658806712], [1.8999999999999995, 1.5125044658806712], [-1.0, 1.6125044658806713], [-0.9, 1.6125044658806713], [-0.8, 1.6125044658806713], [-0.7000000000000001, 1.6125044658806713], [-0.6000000000000001, 1.6125044658806713], [-0.5000000000000001, 1.6125044658806713], [-0.40000000000000013, 1.6125044658806713], [-0.30000000000000016, 1.6125044658806713], [-0.20000000000000018, 1.6125044658806713], [-0.1000000000000002, 1.6125044658806713], [-2.220446049250313e-16, 1.6125044658806713], [0.09999999999999964, 1.6125044658806713], [0.19999999999999973, 1.6125044658806713], [0.2999999999999998, 1.6125044658806713], [0.3999999999999997, 1.6125044658806713], [0.49999999999999956, 1.6125044658806713], [0.5999999999999996, 1.6125044658806713], [0.6999999999999997, 1.6125044658806713], [0.7999999999999996, 1.6125044658806713], [0.8999999999999995, 1.6125044658806713], [0.9999999999999996, 1.6125044658806713], [1.0999999999999996, 1.6125044658806713], [1.1999999999999993, 1.6125044658806713], [1.2999999999999994, 1.6125044658806713], [1.3999999999999995, 1.6125044658806713], [1.4999999999999996, 1.6125044658806713], [1.5999999999999996, 1.6125044658806713], [1.6999999999999993, 1.6125044658806713], [1.7999999999999994, 1.6125044658806713], [1.8999999999999995, 1.6125044658806713], [-1.0, 1.712504465880671], [-0.9, 1.712504465880671], [-0.8, 1.712504465880671], [-0.7000000000000001, 1.712504465880671], [-0.6000000000000001, 1.712504465880671], [-0.5000000000000001, 1.712504465880671], [-0.40000000000000013, 1.712504465880671], [-0.30000000000000016, 1.712504465880671], [-0.20000000000000018, 1.712504465880671], [-0.1000000000000002, 1.712504465880671], [-2.220446049250313e-16, 1.712504465880671], [0.09999999999999964, 1.712504465880671], [0.19999999999999973, 1.712504465880671], [0.2999999999999998, 1.712504465880671], [0.3999999999999997, 1.712504465880671], [0.49999999999999956, 1.712504465880671], [0.5999999999999996, 1.712504465880671], [0.6999999999999997, 1.712504465880671], [0.7999999999999996, 1.712504465880671], [0.8999999999999995, 1.712504465880671], [0.9999999999999996, 1.712504465880671], [1.0999999999999996, 1.712504465880671], [1.1999999999999993, 1.712504465880671], [1.2999999999999994, 1.712504465880671], [1.3999999999999995, 1.712504465880671], [1.4999999999999996, 1.712504465880671], [1.5999999999999996, 1.712504465880671], [1.6999999999999993, 1.712504465880671], [1.7999999999999994, 1.712504465880671], [1.8999999999999995, 1.712504465880671], [-1.0, 1.812504465880671], [-0.9, 1.812504465880671], [-0.8, 1.812504465880671], [-0.7000000000000001, 1.812504465880671], [-0.6000000000000001, 1.812504465880671], [-0.5000000000000001, 1.812504465880671], [-0.40000000000000013, 1.812504465880671], [-0.30000000000000016, 1.812504465880671], [-0.20000000000000018, 1.812504465880671], [-0.1000000000000002, 1.812504465880671], [-2.220446049250313e-16, 1.812504465880671], [0.09999999999999964, 1.812504465880671], [0.19999999999999973, 1.812504465880671], [0.2999999999999998, 1.812504465880671], [0.3999999999999997, 1.812504465880671], [0.49999999999999956, 1.812504465880671], [0.5999999999999996, 1.812504465880671], [0.6999999999999997, 1.812504465880671], [0.7999999999999996, 1.812504465880671], [0.8999999999999995, 1.812504465880671], [0.9999999999999996, 1.812504465880671], [1.0999999999999996, 1.812504465880671], [1.1999999999999993, 1.812504465880671], [1.2999999999999994, 1.812504465880671], [1.3999999999999995, 1.812504465880671], [1.4999999999999996, 1.812504465880671], [1.5999999999999996, 1.812504465880671], [1.6999999999999993, 1.812504465880671], [1.7999999999999994, 1.812504465880671], [1.8999999999999995, 1.812504465880671], [-1.0, 1.9125044658806711], [-0.9, 1.9125044658806711], [-0.8, 1.9125044658806711], [-0.7000000000000001, 1.9125044658806711], [-0.6000000000000001, 1.9125044658806711], [-0.5000000000000001, 1.9125044658806711], [-0.40000000000000013, 1.9125044658806711], [-0.30000000000000016, 1.9125044658806711], [-0.20000000000000018, 1.9125044658806711], [-0.1000000000000002, 1.9125044658806711], [-2.220446049250313e-16, 1.9125044658806711], [0.09999999999999964, 1.9125044658806711], [0.19999999999999973, 1.9125044658806711], [0.2999999999999998, 1.9125044658806711], [0.3999999999999997, 1.9125044658806711], [0.49999999999999956, 1.9125044658806711], [0.5999999999999996, 1.9125044658806711], [0.6999999999999997, 1.9125044658806711], [0.7999999999999996, 1.9125044658806711], [0.8999999999999995, 1.9125044658806711], [0.9999999999999996, 1.9125044658806711], [1.0999999999999996, 1.9125044658806711], [1.1999999999999993, 1.9125044658806711], [1.2999999999999994, 1.9125044658806711], [1.3999999999999995, 1.9125044658806711], [1.4999999999999996, 1.9125044658806711], [1.5999999999999996, 1.9125044658806711], [1.6999999999999993, 1.9125044658806711], [1.7999999999999994, 1.9125044658806711], [1.8999999999999995, 1.9125044658806711])
